6662,1116,0,5296,0x40,0,0,84,1143,1498,0,Talador,,,,,,,,,,,,,,,,0xFF01FE,0x0,0,,,0,-500.0,0.0,
6719,1116,0,5351,0x40,0,0,96,1148,1455,-1,Shadowmoon Valley DR,,,,,,,,,,,,,,,,0xFF01FE,0x0,0,,,0,-500,0,
6720,1116,0,5352,0x41,0,0,96,1147,1478,-1,Frostfire Ridge,,,,,,,,,,,,,,,,0xFF01FE,0x0,0,,,0,-500,0,
6721,1116,0,5353,0x40,0,0,86,1182,1475,-1,Gorgrond,,,,,,,,,,,,,,,,0xFF01FE,0x0,0,,,0,-500,0,
6722,1116,0,5354,0x40,0,0,96,1180,1463,-1,Spires Of Arak,,,,,,,,,,,,,,,,0xFF01FE,0x0,0,,,0,-500,0,
6742,1116,6720,5374,0x40000040,0,0,0,1144,0,-1,Frostwind Dunes,,,,,,,,,,,,,,,,0xFF01FE,0x0,0,,,0,-500,0,
6743,1116,6720,5375,0x40000040,0,0,84,1330,1479,-1,Thromvar,,,,,,,,,,,,,,,,0xFF01FE,0x0,0,,,0,-500,0,
6744,1116,6720,5376,0x40000040,0,0,84,1346,1481,-1,Daggermaw Ravine,,,,,,,,,,,,,,,,0xFF01FE,0x0,0,,,0,-500,0,
6745,1116,6720,5377,0x44000040,0,0,0,0,1480,-1,The Savage Crag,,,,,,,,,,,,,,,,0xFF01FE,0x0,0,,,0,-500,0,
6755,1116,0,5387,0x40,0,0,96,1192,1488,-1,Nagrand Draenor,,,,,,,,,,,,,,,,0xFF01FE,0x0,0,,,0,-500,0,
6758,1116,6720,5390,0x40000040,0,0,84,1331,1482,-1,Icescar Boneyard,,,,,,,,,,,,,,,,0xFF01FE,0x0,0,,,0,-500,0,
6761,1116,6662,5393,0x40000040,0,0,0,0,1499,-1,Gulrok,,,,,,,,,,,,,,,,0xFF01FE,0x0,0,,,0,-500.0,0.0,
6762,1116,6662,5394,0x40000040,0,0,0,0,1501,-1,Talador Shattrath City Center,,,,,,,,,,,,,,,,0xFF01FE,0x0,0,,,0,-500.0,0.0,
6764,1116,6756,5396,0x40000040,0,0,86,916,1121,-1,Brawn belly Barracks,,,,,,,,,,,,,,,,0xFF01FE,0x0,0,,,0,-500,0,
6765,1116,6756,5397,0x40000040,0,0,0,0,0,-1,Digger Flats,,,,,,,,,,,,,,,,0xFF01FE,0x0,0,,,0,-500,0,
6766,1116,6756,5398,0x40000040,0,0,0,0,0,-1,The Pits,,,,,,,,,,,,,,,,0xFF01FE,0x0,0,,,0,-500,0,
6767,1116,6756,5399,0x40000040,0,0,0,0,0,-1,Blightstone Quarry,,,,,,,,,,,,,,,,0xFF01FE,0x0,0,,,0,-500,0,
6768,1116,6756,5400,0x40000040,0,0,86,916,1121,-1,The Iron Tower,,,,,,,,,,,,,,,,0xFF01FE,0x0,0,,,0,-500,0,
6772,1116,6719,5404,0x40000040,0,0,96,1151,1456,-1,The Cursed Woods,,,,,,,,,,,,,,,,0xFF01FE,0x0,0,,,0,-500,0,
6774,1116,6720,5406,0x40000040,0,0,0,1144,0,-1,The Cracking Plains,,,,,,,,,,,,,,,,0xFF01FE,0x0,0,,,0,-500,0,
6775,1116,6720,5407,0x40000040,0,0,0,0,1480,-1,Colossals Fall,,,,,,,,,,,,,,,,0xFF01FE,0x0,0,,,0,-500,0,
6776,1116,6720,5408,0x40000040,0,0,0,1147,1481,-1,Southern Hotspring,,,,,,,,,,,,,,,,0xFF01FE,0x0,0,,,0,-500,0,
6777,1116,6720,5409,0x40000040,0,0,0,0,1479,-1,Frostwolf Outpost,,,,,,,,,,,,,,,,0xFF01FE,0x0,0,,,0,-500,0,
6778,1116,6720,5410,0x40000040,0,0,0,1144,0,-1,Icewind Dunes,,,,,,,,,,,,,,,,0xFF01FE,0x0,0,,,0,-500,0,
6779,1116,6720,5411,0x40000040,0,0,84,1146,1480,-1,Thunderlord City Interior,,,,,,,,,,,,,,,,0xFF01FE,0x0,0,,,0,-500,0,
6781,1116,6720,5413,0x40000040,0,0,84,1146,1481,-1,Altar of Kron,,,,,,,,,,,,,,,,0xFF01FE,0x0,0,,,0,-500,0,
6782,1116,6720,5414,0x40000040,0,0,84,1146,1481,-1,Ascent of Frostfire,,,,,,,,,,,,,,,,0xFF01FE,0x0,0,,,0,-500,0,
6783,1116,6720,5415,0x40000040,0,0,84,1351,0,-1,Refuse Pit,,,,,,,,,,,,,,,,0xFF01FE,0x0,0,,,0,-500,0,
6784,1116,6720,5416,0x40000040,0,0,84,1350,1481,-1,Magnarok,,,,,,,,,,,,,,,,0xFF01FE,0x0,0,,,0,-500,0,
6785,1116,6719,5417,0x40000040,0,0,0,0,1462,-1,Karani Terrace,,,,,,,,,,,,,,,,0xFF01FE,0x0,0,,,0,-500,0,
6787,1116,6719,5419,0x40000040,0,0,0,0,0,-1,Grommar,,,,,,,,,,,,,,,,0xFF01FE,0x0,0,,,0,-500,0,
6790,1116,6719,5422,0x40000040,0,0,96,1148,1455,-1,garrison smv alliance,,,,,,,,,,,,,,,,0xFF01FE,0x0,0,,,0,-500,0,
6791,1116,6719,5423,0x40000040,0,0,96,1315,1454,-1,The Burial Fields,,,,,,,,,,,,,,,,0xFF01FE,0x0,0,,,0,-500,0,
6792,1116,6719,5424,0x40000040,0,0,0,0,1454,-1,Shazgul,,,,,,,,,,,,,,,,0xFF01FE,0x0,0,,,0,-500,0,
6793,1116,6719,5425,0x40000040,0,0,96,1150,1544,-1,Lights Fall,,,,,,,,,,,,,,,,0xFF01FE,0x0,0,,,0,-500,0,
6794,1116,6719,5426,0x40000040,0,0,0,0,1457,-1,Teluuna Observatory,,,,,,,,,,,,,,,,0xFF01FE,0x0,0,,,0,-500,0,
6796,1116,6719,5428,0x40000040,0,0,96,1151,0,-1,Starfall Outpost,,,,,,,,,,,,,,,,0xFF01FE,0x0,0,,,0,-500,0,
6797,1116,6719,5429,0x40000040,0,0,96,1191,1456,-1,Gulvar,,,,,,,,,,,,,,,,0xFF01FE,0x0,0,,,0,-500,0,
6805,1116,6720,5437,0x40000040,0,0,0,1144,0,-1,Gate of the Breakers,,,,,,,,,,,,,,,,0xFF01FE,0x0,0,,,0,-500,0,
6809,1116,6719,5441,0x40000040,0,0,0,0,0,-1,Watchers Den,,,,,,,,,,,,,,,,0xFF01FE,0x0,0,,,0,-500,0,
6810,1116,6720,5442,0x40000040,0,0,0,1144,0,-1,Thunderlord Volcano,,,,,,,,,,,,,,,,0xFF01FE,0x0,0,,,0,-500,0,
6811,1116,6719,5443,0x40000040,0,0,96,1151,1458,-1,Secluded Glade,,,,,,,,,,,,,,,,0xFF01FE,0x0,0,,,0,-500,0,
6817,1116,6720,5449,0x40000040,0,0,0,0,1519,-1,Grimfrost Hill,,,,,,,,,,,,,,,,0xFF01FE,0x0,0,,,0,-500,0,
6820,1116,6719,5452,0x40000040,0,0,0,0,0,-1,PHSMV Alliance Garrison,,,,,,,,,,,,,,,,0xFF01FE,0x0,0,,,0,-500,0,
6848,1116,6720,5476,0x40000040,0,0,0,0,1519,-1,Bladespire Fortress,,,,,,,,,,,,,,,,0xFF01FE,0x0,0,,,0,-500,0,
6849,1116,6720,5477,0x40000040,0,0,0,0,1479,-1,Bladespire Fortress,,,,,,,,,,,,,,,,0xFF01FE,0x0,0,,,0,-500,0,
6850,1116,6720,5478,0x40000040,0,0,96,1347,1519,-1,Favela Mine Camp,,,,,,,,,,,,,,,,0xFF01FE,0x0,0,,,0,-500,0,
6854,1116,6719,5482,0x40000040,0,0,0,0,0,-1,Hidey Hole,,,,,,,,,,,,,,,,0xFF01FE,0x0,0,,,0,-500,0,
6855,1116,6719,5483,0x40000040,0,0,96,1151,1459,-1,Gloomshade Grove,,,,,,,,,,,,,,,,0xFF01FE,0x0,0,,,0,-500,0,
6857,1116,6719,5485,0x40000040,0,0,0,0,0,-1,The Shadow Rise,,,,,,,,,,,,,,,,0xFF01FE,0x0,0,,,0,-500,0,
6861,1116,6720,5489,0x44000040,0,0,0,0,1480,-1,The Savage Crag,,,,,,,,,,,,,,,,0xFF01FE,0x0,0,,,0,-500,0,
6864,1116,6720,5492,0x40000040,0,0,0,0,1519,-1,Bladespire Fortress,,,,,,,,,,,,,,,,0xFF01FE,0x0,0,,,0,-500,0,
6865,1116,6721,5493,0x40000040,0,0,0,0,0,-1,zzOld Explosion Town NOT TEMPNAME,,,,,,,,,,,,,,,,0xFF01FE,0x0,0,,,0,-500,0,
6866,1116,6719,5494,0x40000040,0,0,96,1150,1458,-1,Twilight Glade,,,,,,,,,,,,,,,,0xFF01FE,0x0,0,,,0,-500,0,
6867,1116,6720,5495,0x40000040,0,0,84,1146,1522,-1,The Crimson Crossing,,,,,,,,,,,,,,,,0xFF01FE,0x0,0,,,0,-500,0,
6868,1116,6720,5496,0x40000040,0,0,0,0,0,-1,Thunderlord City Interior,,,,,,,,,,,,,,,,0xFF01FE,0x0,0,,,0,-500,0,
6869,1116,6720,5497,0x40000040,0,0,84,1146,1479,-1,Worgol,,,,,,,,,,,,,,,,0xFF01FE,0x0,0,,,0,-500,0,
6870,1116,6719,5498,0x40000040,0,0,0,0,1459,-1,Gloomshade Grotto,,,,,,,,,,,,,,,,0xFF01FE,0x0,0,,,0,-500,0,
6871,1116,6720,5499,0x40000040,0,0,0,1144,0,-1,Farseers Rock,,,,,,,,,,,,,,,,0xFF01FE,0x0,0,,,0,-500,0,
6872,1116,6719,5500,0x40000040,0,0,96,1191,1454,-1,Terrace Of The Stars,,,,,,,,,,,,,,,,0xFF01FE,0x0,0,,,0,-500,0,
6873,1116,6719,5501,0x40000040,0,0,96,1191,1454,-1,Anguish Fortress,,,,,,,,,,,,,,,,0xFF01FE,0x0,0,,,0,-500,0,
6875,1116,6720,5503,0x40000040,0,0,0,0,1519,-1,Bladespire Fortress,,,,,,,,,,,,,,,,0xFF01FE,0x0,0,,,0,-500,0,
6876,1116,6721,5504,0x40000040,0,0,0,0,1474,-1,Bastion Rise,,,,,,,,,,,,,,,,0xFF01FE,0x0,0,,,0,-500,0,
6877,1116,6721,5505,0x40000040,0,0,0,0,1471,-1,Deadgrin,,,,,,,,,,,,,,,,0xFF01FE,0x0,0,,,0,-500,0,
6878,1116,6721,5506,0x40000040,0,0,0,0,1475,-1,Tailthrasher Basin,,,,,,,,,,,,,,,,0xFF01FE,0x0,0,,,0,-500,0,
6879,1116,6721,5507,0x40000040,0,0,0,0,0,-1,The Broken Spine,,,,,,,,,,,,,,,,0xFF01FE,0x0,0,,,0,-500,0,
6880,1116,6721,5508,0x40000040,0,0,86,1250,1474,-1,Evermorn Springs,,,,,,,,,,,,,,,,0xFF01FE,0x0,0,,,0,-500,0,
6881,1116,6721,5509,0x40200040,0,0,0,0,1474,-1,Beastwatch,,,,,,,,,,,,,,,,0xFF01FE,0x0,0,,,0,-500,0,
6882,1116,6721,5510,0x40000040,0,0,75,0,0,-1,The Forgotten Caves,,,,,,,,,,,,,,,,0xFF01FE,0x0,0,,,0,-500,0,
6883,1116,6721,5511,0x40000040,0,0,0,0,1476,-1,Blackrock Pipeworks,,,,,,,,,,,,,,,,0xFF01FE,0x0,0,,,0,-500,0,
6884,1116,6721,5512,0x40000040,0,0,0,1252,1474,-1,Mistcreep Mire,,,,,,,,,,,,,,,,0xFF01FE,0x0,0,,,0,-500,0,
6885,1116,6721,5513,0x40000000,0,0,0,0,1475,-1,Cragplume Cauldron,,,,,,,,,,,,,,,,0xFF01FE,0x0,0,,,0,-500,0,
6886,1116,6721,5514,0x40000040,0,0,0,0,0,-1,Draenataur Cavern,,,,,,,,,,,,,,,,0xFF01FE,0x0,0,,,0,-500,0,
6887,1116,6721,5515,0x40000040,0,0,96,0,1475,-1,Stonemaul Arena,,,,,,,,,,,,,,,,0xFF01FE,0x0,0,,,0,-500,0,
6888,1116,6721,5516,0x40000040,0,0,0,0,0,-1,Korgalls Hovel,,,,,,,,,,,,,,,,0xFF01FE,0x0,0,,,0,-500,0,
6889,1116,6721,5517,0x40000040,0,0,96,0,1475,-1,Brimstone Springs,,,,,,,,,,,,,,,,0xFF01FE,0x0,0,,,0,-500,0,
6890,1116,6721,5518,0x40000040,0,0,86,1182,0,-1,zzOld Gorgrond Garrison Area,,,,,,,,,,,,,,,,0xFF01FE,0x0,0,,,0,-500,0,
6891,1116,6721,5519,0x40000040,0,0,96,0,1475,-1,Gronn Canyon,,,,,,,,,,,,,,,,0xFF01FE,0x0,0,,,0,-500,0,
6892,1116,6721,5520,0x40000040,0,0,0,1183,1476,-1,Blackrock Foundry,,,,,,,,,,,,,,,,0xFF01FE,0x0,0,,,0,-500,0,
6893,1116,6721,5521,0x40000040,0,0,96,1251,1474,-1,Iyun Weald,,,,,,,,,,,,,,,,0xFF01FE,0x0,0,,,0,-500,0,
6894,1116,6721,5522,0x40000040,0,0,0,0,1475,-1,Gronn Cave,,,,,,,,,,,,,,,,0xFF01FE,0x0,0,,,0,-500,0,
6895,1116,6721,5523,0x40000040,0,0,0,0,0,-1,Windward Ascent,,,,,,,,,,,,,,,,0xFF01FE,0x0,0,,,0,-500,0,
6896,1116,6721,5524,0x40000040,0,0,0,0,0,-1,Elemental Hollow,,,,,,,,,,,,,,,,0xFF01FE,0x0,0,,,0,-500,0,
6897,1116,6721,5525,0x40000040,0,0,0,0,1476,-1,Blackrock Shipyard,,,,,,,,,,,,,,,,0xFF01FE,0x0,0,,,0,-500,0,
6898,1116,6721,5526,0x40000040,0,0,0,0,0,-1,zzOld Tankworks,,,,,,,,,,,,,,,,0xFF01FE,0x0,0,,,0,-500,0,
6899,1116,6721,5527,0x40000040,0,0,96,1252,0,-1,Affliction Ridge,,,,,,,,,,,,,,,,0xFF01FE,0x0,0,,,0,-500,0,
6900,1116,6721,5528,0x40000040,0,0,0,0,1475,-1,Sulfur Basin,,,,,,,,,,,,,,,,0xFF01FE,0x0,0,,,0,-500,0,
6901,1116,6721,5529,0x40000040,0,0,0,1183,0,-1,Blackrock Foundry Base,,,,,,,,,,,,,,,,0xFF01FE,0x0,0,,,0,-500,0,
6902,1116,6720,5530,0x40000040,0,0,0,0,0,-1,Reegaks Nest,,,,,,,,,,,,,,,,0xFF01FE,0x0,0,,,0,-500,0,
6903,1116,6720,5531,0x40000040,0,0,0,0,0,-1,Melted Burrow,,,,,,,,,,,,,,,,0xFF01FE,0x0,0,,,0,-500,0,
6905,1116,6720,5533,0x40000040,0,0,96,0,0,-1,Gormaul Tower,,,,,,,,,,,,,,,,0xFF01FE,0x0,0,,,0,-500,0,
6906,1116,6720,5534,0x40000040,0,0,0,1146,0,-1,Frostwall Approach,,,,,,,,,,,,,,,,0xFF01FE,0x0,0,,,0,-500,0,
6907,1116,6720,5535,0x40000040,0,0,0,0,0,-1,Mordul Tower,,,,,,,,,,,,,,,,0xFF01FE,0x0,0,,,0,-500,0,
6909,1116,6719,5537,0x40000040,0,0,96,1149,1554,-1,Socrethars Rise,,,,,,,,,,,,,,,,0xFF01FE,0x0,0,,,0,-500,0,
6910,1116,6719,5538,0x40000040,0,0,0,0,1483,-1,Darktide Roost,,,,,,,,,,,,,,,,0xFF01FE,0x0,0,,,0,-500,0,
6911,1116,6720,5539,0x40000040,0,0,0,0,0,-1,Sacrifice Pit,,,,,,,,,,,,,,,,0xFF01FE,0x0,0,,,0,-500,0,
6913,1116,6721,5541,0x40000040,0,0,0,0,0,-1,Gorgrond Pass,,,,,,,,,,,,,,,,0xFF01FE,0x0,0,,,0,-500,0,
6914,1116,6721,5542,0x40000040,0,0,86,1244,1474,-1,Deeproot,,,,,,,,,,,,,,,,0xFF01FE,0x0,0,,,0,-500,0,
6915,1116,6721,5543,0x40000040,0,0,0,1251,1474,-1,The Fertile Ground,,,,,,,,,,,,,,,,0xFF01FE,0x0,0,,,0,-500,0,
6916,1116,6662,5544,0x40000040,0,0,0,0,1499,-1,Court of Souls,,,,,,,,,,,,,,,,0xFF01FE,0x0,0,,,0,-500.0,0.0,
6917,1116,6662,5545,0x40000040,0,0,0,0,0,-1,Liadrins Watch,,,,,,,,,,,,,,,,0xFF01FE,0x0,0,,,0,-500.0,0.0,
6918,1116,6662,5546,0x40000040,0,0,82,1179,1506,-1,Deathweb Hollow,,,,,,,,,,,,,,,,0xFF01FE,0x0,0,,,0,-500.0,0.0,
6920,1116,6662,5548,0x40000040,0,0,0,0,1499,-1,Telmor,,,,,,,,,,,,,,,,0xFF01FE,0x0,0,,,0,-500.0,0.0,
6921,1116,6719,5549,0x40000040,0,0,96,1149,0,-1,Plains Of Serenity,,,,,,,,,,,,,,,,0xFF01FE,0x0,0,,,0,-500,0,
6922,1116,6719,5550,0x40000040,0,0,96,1149,0,-1,Moonflower Valley,,,,,,,,,,,,,,,,0xFF01FE,0x0,0,,,0,-500,0,
6923,1116,6719,5551,0x40000040,0,0,96,1150,1457,-1,Embaari Village,,,,,,,,,,,,,,,,0xFF01FE,0x0,0,,,0,-500,0,
6924,1116,6662,5552,0x40000040,0,0,0,0,1504,-1,Crystal Mine Town,,,,,,,,,,,,,,,,0xFF01FE,0x0,0,,,0,-500.0,0.0,
6925,1116,6662,5553,0x40000040,0,0,0,0,1501,-1,Pilgrim Rest,,,,,,,,,,,,,,,,0xFF01FE,0x0,0,,,0,-500.0,0.0,
6926,1116,6662,5554,0x40000040,0,0,0,0,1504,-1,Veil Shadar,,,,,,,,,,,,,,,,0xFF01FE,0x0,0,,,0,-500.0,0.0,
6927,1116,6662,5555,0x40000040,0,0,0,0,1503,-1,Isle of Dusk,,,,,,,,,,,,,,,,0xFF01FE,0x0,0,,,0,-500.0,0.0,
6928,1116,6662,5556,0x40000040,0,0,0,0,0,-1,Pilgrim Road,,,,,,,,,,,,,,,,0xFF01FE,0x0,0,,,0,-500.0,0.0,
6929,1116,6720,5557,0x40000040,0,0,0,0,0,-1,Frostboar Drifts,,,,,,,,,,,,,,,,0xFF01FE,0x0,0,,,0,-500,0,
6930,1116,6719,5558,0x40000040,0,0,0,0,1565,-1,Karabor,,,,,,,,,,,,,,,,0xFF01FE,0x0,0,,,0,-500,0,
6931,1116,6719,5559,0x40000040,0,0,0,0,1462,-1,Path of the Light,,,,,,,,,,,,,,,,0xFF01FE,0x0,0,,,0,-500,0,
6933,1116,6662,5561,0x40000040,0,0,0,0,1504,-1,Iskars Refuge,,,,,,,,,,,,,,,,0xFF01FE,0x0,0,,,0,-500.0,0.0,
6934,1116,6721,5562,0x40000040,0,0,0,0,1475,-1,Rooters Pass,,,,,,,,,,,,,,,,0xFF01FE,0x0,0,,,0,-500,0,
6935,1116,6721,5563,0x40000040,0,0,0,1250,1474,-1,Razorbloom,,,,,,,,,,,,,,,,0xFF01FE,0x0,0,,,0,-500,0,
6937,1116,6662,5565,0x40000040,0,0,0,0,0,-1,Sharptusk Lake,,,,,,,,,,,,,,,,0xFF01FE,0x0,0,,,0,-500.0,0.0,
6938,1116,6662,5566,0x40000040,0,0,0,0,1507,-1,Kuuros Claim,,,,,,,,,,,,,,,,0xFF01FE,0x0,0,,,0,-500.0,0.0,
6939,1116,6720,5567,0x40000040,0,0,0,0,1519,-1,Bladespire Fortress,,,,,,,,,,,,,,,,0xFF01FE,0x0,0,,,0,-500,0,
6940,1116,6721,5568,0x40000040,0,0,0,0,0,-1,The Binding Trench,,,,,,,,,,,,,,,,0xFF01FE,0x0,0,,,0,-500,0,
6941,1116,0,5569,0x1004040,0,0,97,1220,1438,-1,Ashran,,,,,,,,,,,,,,,,0xFF01FE,0x0,0,,,0,-500,0,
6942,1116,6721,5570,0x40000040,0,0,0,0,0,-1,Spineling Crevice,,,,,,,,,,,,,,,,0xFF01FE,0x0,0,,,0,-500,0,
6943,1116,6719,5571,0x40000040,0,0,0,0,1462,-1,Gardens Of Eternity,,,,,,,,,,,,,,,,0xFF01FE,0x0,0,,,0,-500,0,
6944,1116,6719,5572,0x40000040,0,0,0,0,1462,-1,Tranquil Court,,,,,,,,,,,,,,,,0xFF01FE,0x0,0,,,0,-500,0,
6945,1116,6719,5573,0x40000040,0,0,0,0,1462,-1,The Coliseum of Light,,,,,,,,,,,,,,,,0xFF01FE,0x0,0,,,0,-500,0,
6946,1116,6719,5574,0x40000040,0,0,84,1169,0,-1,Karabor Harbor,,,,,,,,,,,,,,,,0xFF01FE,0x0,0,,,0,-500,0,
6947,1116,6662,5575,0x40000040,0,0,84,1143,0,-1,Talador Beach,,,,,,,,,,,,,,,,0xFF01FE,0x0,0,,,0,-500.0,0.0,
6948,1116,6662,5576,0x40000040,0,0,0,0,1500,-1,Talador Bluff Base,,,,,,,,,,,,,,,,0xFF01FE,0x0,0,,,0,-500.0,0.0,
6949,1116,6662,5577,0x40000040,0,0,84,1143,1500,-1,Talador Tuurem,,,,,,,,,,,,,,,,0xFF01FE,0x0,0,,,0,-500.0,0.0,
6950,1116,6662,5578,0x40000040,0,0,0,0,0,-1,Morgran Logworks,,,,,,,,,,,,,,,,0xFF01FE,0x0,0,,,0,-500.0,0.0,
6952,1116,6721,5580,0x40000040,0,0,0,0,0,-1,The Sulfic Refuge,,,,,,,,,,,,,,,,0xFF01FE,0x0,0,,,0,-500,0,
6956,1116,6720,5584,0x40000040,0,0,0,0,0,-1,Gronnstalkers Cache,,,,,,,,,,,,,,,,0xFF01FE,0x0,0,,,0,-500,0,
6957,1116,6719,5585,0x40000040,0,0,0,0,0,-1,Exiles Rise,,,,,,,,,,,,,,,,0xFF01FE,0x0,0,,,0,-500,0,
6958,1116,6720,5586,0x40000040,0,0,84,1146,0,-1,Pool of Visions,,,,,,,,,,,,,,,,0xFF01FE,0x0,0,,,0,-500,0,
6959,1116,6662,5587,0x40000040,0,0,0,0,1507,-1,Aruuna Crystal Mine,,,,,,,,,,,,,,,,0xFF01FE,0x0,0,,,0,-500.0,0.0,
6961,1116,6721,5589,0x40000040,0,0,0,0,0,-1,Canyon Pass,,,,,,,,,,,,,,,,0xFF01FE,0x0,0,,,0,-500,0,
6962,1116,6720,5590,0x40000040,0,0,0,1147,1519,-1,Bladespire Ravine,,,,,,,,,,,,,,,,0xFF01FE,0x0,0,,,0,-500,0,
6964,1116,6720,5592,0x40000040,0,0,0,1147,1479,-1,Stonefang Ridge,,,,,,,,,,,,,,,,0xFF01FE,0x0,0,,,0,-500,0,
6965,1116,6720,5593,0x40000040,0,0,0,0,1481,-1,Thunder Pass Scenario,,,,,,,,,,,,,,,,0xFF01FE,0x0,0,,,0,-500,0,
6966,1116,6720,5594,0x40000040,0,0,84,1147,0,-1,Shivering Trench,,,,,,,,,,,,,,,,0xFF01FE,0x0,0,,,0,-500,0,
6968,1116,6720,5596,0x44000040,0,0,0,0,1479,-1,Stonefury Cliffs,,,,,,,,,,,,,,,,0xFF01FE,0x0,0,,,0,-500,0,
6969,1116,6720,5597,0x44000040,0,0,0,0,1519,-1,Bloodmaul Slag Mines,,,,,,,,,,,,,,,,0xFF01FE,0x0,0,,,0,-500,0,
6975,1116,0,5603,0x40,0,0,0,1220,0,-1,Ashran TRANSITION ZONE,,,,,,,,,,,,,,,,0xFF01FE,0x0,0,,,0,-500,0,
6976,1116,6719,5604,0x42000000,0,0,0,0,1454,-1,Bloodthorn Cave,,,,,,,,,,,,,,,,0xFF01FE,0x0,0,,,0,-500,0,
6977,1116,6719,5605,0x40000040,0,0,96,1150,1460,-1,The Verdant Mire,,,,,,,,,,,,,,,,0xFF01FE,0x0,0,,,0,-500,0,
6978,1116,6662,5606,0x40000040,0,0,0,0,1501,-1,Lights Rest,,,,,,,,,,,,,,,,0xFF01FE,0x0,0,,,0,-500.0,0.0,
6979,1116,6662,5607,0x40000040,0,0,0,0,0,-1,Tomb of Souls,,,,,,,,,,,,,,,,0xFF01FE,0x0,0,,,0,-500.0,0.0,
6980,1116,6662,5608,0x40000000,0,0,0,0,1500,-1,Talador Scenario,,,,,,,,,,,,,,,,0xFF01FE,0x0,0,,,0,-500.0,0.0,
6982,1116,6721,5610,0x40000040,0,0,0,0,0,-1,Throne of Stonemaul,,,,,,,,,,,,,,,,0xFF01FE,0x0,0,,,0,-500,0,
6983,1116,6720,5611,0x40000040,0,0,84,1342,1521,-1,Iron Siegeworks,,,,,,,,,,,,,,,,0xFF01FE,0x0,0,,,0,-500,0,
6985,1116,6719,5613,0x40000000,0,0,96,1191,0,-1,Chillwater Grotto,,,,,,,,,,,,,,,,0xFF01FE,0x0,0,,,0,-500,0,
6986,1116,6662,5614,0x40000040,0,0,0,0,1507,-1,Jorune Mine,,,,,,,,,,,,,,,,0xFF01FE,0x0,0,,,0,-500.0,0.0,
6987,1116,6719,5615,0x40000040,0,0,96,1150,1454,-1,Waning Crescent,,,,,,,,,,,,,,,,0xFF01FE,0x0,0,,,0,-500,0,
6993,1116,6719,5621,0x40000040,0,0,0,0,1458,-1,Moonwillow Peak,,,,,,,,,,,,,,,,0xFF01FE,0x0,0,,,0,-500,0,
6994,1116,6720,5622,0x40000040,0,0,84,1146,1480,-1,Bones of Agurak,,,,,,,,,,,,,,,,0xFF01FE,0x0,0,,,0,-500,0,
6995,1116,6720,5623,0x40000040,0,0,84,1146,1480,-1,Aguraks Fall,,,,,,,,,,,,,,,,0xFF01FE,0x0,0,,,0,-500,0,
6997,1116,6662,5625,0x40000040,0,0,0,0,0,-1,Angorosh Ruins,,,,,,,,,,,,,,,,0xFF01FE,0x0,0,,,0,-500.0,0.0,
6998,1116,6722,5626,0x40000040,0,0,0,0,0,-1,Spires Coast,,,,,,,,,,,,,,,,0xFF01FE,0x0,0,,,0,-500,0,
6999,1116,6722,5627,0x40000040,0,0,96,1264,1469,-1,Admiral Taylors Garrison,,,,,,,,,,,,,,,,0xFF01FE,0x0,0,,,0,-500,0,
7000,1116,6662,5628,0x40000040,0,0,0,0,0,-1,Seat of Depravity,,,,,,,,,,,,,,,,0xFF01FE,0x0,0,,,0,-500.0,0.0,
7001,1116,6662,5629,0x40000040,0,0,82,1179,0,-1,Sunsworn Camp,,,,,,,,,,,,,,,,0xFF01FE,0x0,0,,,0,-500.0,0.0,
7003,1116,6721,5631,0x40000040,0,0,0,0,0,-1,The Broken Crater,,,,,,,,,,,,,,,,0xFF01FE,0x0,0,,,0,-500,0,
7004,1116,6720,5632,0x40,0,0,96,1146,1478,-1,Frostwall,,,,,,,,,,,,,,,,0xFF01FE,0x0,0,,,0,-500,0,
7005,1116,6720,5633,0x40000040,0,0,0,1144,0,-1,Frostbite Hollow Interrior,,,,,,,,,,,,,,,,0xFF01FE,0x0,0,,,0,-500,0,
7006,1116,6720,5634,0x40000040,0,0,0,1144,0,-1,Coldsnap Bluffs,,,,,,,,,,,,,,,,0xFF01FE,0x0,0,,,0,-500,0,
7009,1116,6720,5635,0x40000040,0,0,0,1144,0,-1,Frost Den,,,,,,,,,,,,,,,,0xFF01FE,0x0,0,,,0,-500,0,
7010,1116,6721,5636,0x40000040,0,0,0,0,0,-1,Rangari Hollow,,,,,,,,,,,,,,,,0xFF01FE,0x0,0,,,0,-500,0,
7011,1116,6720,5637,0x40000040,0,0,0,1144,0,-1,Frostbite Hollow Interrior,,,,,,,,,,,,,,,,0xFF01FE,0x0,0,,,0,-500,0,
7012,1116,6720,5638,0x40000040,0,0,0,1144,0,-1,Sleepers Lair,,,,,,,,,,,,,,,,0xFF01FE,0x0,0,,,0,-500,0,
7013,1116,6720,5639,0x40000040,0,0,0,0,1519,-1,Bloodmaul Stronghold,,,,,,,,,,,,,,,,0xFF01FE,0x0,0,,,0,-500,0,
7014,1116,6720,5640,0x40000040,0,0,84,1341,1481,-1,Frostfire Ridge Finale Canyon,,,,,,,,,,,,,,,,0xFF01FE,0x0,0,,,0,-500,0,
7015,1116,6722,5641,0x40000040,0,0,0,0,0,-1,Spires Dry Region,,,,,,,,,,,,,,,,0xFF01FE,0x0,0,,,0,-500,0,
7016,1116,6722,5642,0x40000040,0,0,0,1265,0,-1,Spires Thorny Region,,,,,,,,,,,,,,,,0xFF01FE,0x0,0,,,0,-500,0,
7017,1116,6721,5643,0x40000040,0,0,0,0,0,-1,Blooks Overlook,,,,,,,,,,,,,,,,0xFF01FE,0x0,0,,,0,-500,0,
7018,1116,6720,5644,0x40000040,0,0,0,0,1482,-1,Ruins of Atagar,,,,,,,,,,,,,,,,0xFF01FE,0x0,0,,,0,-500,0,
7019,1116,6720,5645,0x40000040,0,0,0,1144,1482,-1,The Gloomspire,,,,,,,,,,,,,,,,0xFF01FE,0x0,0,,,0,-500,0,
7020,1116,6662,5646,0x40200040,0,0,0,0,1502,-1,Retribution Point,,,,,,,,,,,,,,,,0xFF01FE,0x0,0,,,0,-500.0,0.0,
7021,1116,6662,5647,0x40000040,0,0,0,0,1499,-1,The Burning Front,,,,,,,,,,,,,,,,0xFF01FE,0x0,0,,,0,-500.0,0.0,
7022,1116,6756,5648,0x40000040,0,0,0,1144,0,-1,Test Zone,,,,,,,,,,,,,,,,0xFF01FE,0x0,0,,,0,-500,0,
7023,1116,6756,5649,0x40000040,0,0,0,1144,0,-1,PH Test Zone2,,,,,,,,,,,,,,,,0xFF01FE,0x0,0,,,0,-500,0,
7024,1116,6720,5650,0x40000040,0,0,0,0,0,-1,Ice blister Den,,,,,,,,,,,,,,,,0xFF01FE,0x0,0,,,0,-500,0,
7031,1116,6722,5656,0x40000040,0,0,84,1274,1467,-1,Skettis,,,,,,,,,,,,,,,,0xFF01FE,0x0,0,,,0,-500,0,
7033,1116,6720,5658,0x40000040,0,0,0,0,0,-1,Darkspears Edge,,,,,,,,,,,,,,,,0xFF01FE,0x0,0,,,0,-500,0,
7034,1116,6722,5659,0x40000040,0,0,0,0,0,-1,Dreadtalon Peak,,,,,,,,,,,,,,,,0xFF01FE,0x0,0,,,0,-500,0,
7035,1116,6722,5660,0x40000040,0,0,0,0,0,-1,Ravenskar,,,,,,,,,,,,,,,,0xFF01FE,0x0,0,,,0,-500,0,
7036,1116,6722,5661,0x40000040,0,0,0,0,1467,-1,Veil Terokk,,,,,,,,,,,,,,,,0xFF01FE,0x0,0,,,0,-500,0,
7046,1116,6722,5671,0x40000040,0,0,0,400,1454,-1,PH Fungal Skettis Ruins,,,,,,,,,,,,,,,,0xFF01FE,0x0,0,,,0,-500,0,
7047,1116,6720,5672,0x40000040,0,0,0,0,0,-1,Forbidden Glacier,,,,,,,,,,,,,,,,0xFF01FE,0x0,0,,,0,-500,0,
7048,1116,6719,5673,0x40000040,0,0,0,1179,1454,-1,Bloodthorn Hill,,,,,,,,,,,,,,,,0xFF01FE,0x0,0,,,0,-500,0,
7049,1116,6719,5674,0x40000040,0,0,96,1150,1460,-1,The Nightmarsh,,,,,,,,,,,,,,,,0xFF01FE,0x0,0,,,0,-500,0,
7051,1116,6719,5676,0x40000040,0,0,96,1150,1460,-1,Dyvari Overgrowth,,,,,,,,,,,,,,,,0xFF01FE,0x0,0,,,0,-500,0,
7052,1116,6755,5677,0x40000040,0,0,96,1217,0,-1,Sabermaw,,,,,,,,,,,,,,,,0xFF01FE,0x0,0,,,0,-500,0,
7054,1116,6720,5679,0x40000040,0,0,0,1147,1481,-1,Blades Edge Mountain,,,,,,,,,,,,,,,,0xFF01FE,0x0,0,,,0,-500,0,
7055,1116,6720,5680,0x40000040,0,0,0,1146,0,-1,Southwind Cliffs,,,,,,,,,,,,,,,,0xFF01FE,0x0,0,,,0,-500,0,
7056,1116,6755,5681,0x40000040,0,0,96,1192,0,-1,Warsong Lookout,,,,,,,,,,,,,,,,0xFF01FE,0x0,0,,,0,-500,0,
7057,1116,6755,5682,0x40000040,0,0,96,1192,0,-1,Golgor,,,,,,,,,,,,,,,,0xFF01FE,0x0,0,,,0,-500,0,
7058,1116,6720,5683,0x40000040,0,0,0,1144,1481,-1,The Bleeding Mountain,,,,,,,,,,,,,,,,0xFF01FE,0x0,0,,,0,-500,0,
7059,1116,6755,5684,0x40000040,0,0,96,1192,0,-1,Worvar,,,,,,,,,,,,,,,,0xFF01FE,0x0,0,,,0,-500,0,
7060,1116,6755,5685,0x40000040,0,0,96,1192,0,-1,Hemets Happy Hunting Grounds,,,,,,,,,,,,,,,,0xFF01FE,0x0,0,,,0,-500,0,
7061,1116,6755,5686,0x40000040,0,0,96,1192,0,-1,Yrels Watch,,,,,,,,,,,,,,,,0xFF01FE,0x0,0,,,0,-500,0,
7062,1116,6720,5687,0x40000040,0,0,0,0,0,-1,The Burning Glacier,,,,,,,,,,,,,,,,0xFF01FE,0x0,0,,,0,-500,0,
7063,1116,6755,5688,0x40000040,0,0,96,1192,0,-1,Riverside Post,,,,,,,,,,,,,,,,0xFF01FE,0x0,0,,,0,-500,0,
7064,1116,6755,5689,0x40000000,0,0,96,1192,0,-1,The Stones of Prophecy,,,,,,,,,,,,,,,,0xFF01FE,0x0,0,,,0,-500,0,
7065,1116,6755,5690,0x40000040,0,0,96,1192,1491,-1,Lokrath,,,,,,,,,,,,,,,,0xFF01FE,0x0,0,,,0,-500,0,
7066,1116,6755,5691,0x40000000,0,0,0,0,0,-1,Nagrand Corral,,,,,,,,,,,,,,,,0xFF01FE,0x0,0,,,0,-500,0,
7067,1116,6755,5692,0x40000040,0,0,96,1217,1489,-1,Margoks Overwatch,,,,,,,,,,,,,,,,0xFF01FE,0x0,0,,,0,-500,0,
7068,1116,6755,5693,0x40000040,0,0,96,1219,1491,-1,Grommashar,,,,,,,,,,,,,,,,0xFF01FE,0x0,0,,,0,-500,0,
7069,1116,6755,5694,0x40000040,0,0,96,1219,1491,-1,Gates of Grommashar,,,,,,,,,,,,,,,,0xFF01FE,0x0,0,,,0,-500,0,
7070,1116,6755,5695,0x40000040,0,0,0,996,1493,-1,Ironfist Harbor,,,,,,,,,,,,,,,,0xFF01FE,0x0,0,,,0,-500,0,
7071,1116,6755,5696,0x40000040,0,0,96,1192,0,-1,Snarlpaw Ledge,,,,,,,,,,,,,,,,0xFF01FE,0x0,0,,,0,-500,0,
7072,1116,6755,5697,0x40000040,0,0,96,1217,1497,-1,Ancestral Grounds Draenor,,,,,,,,,,,,,,,,0xFF01FE,0x0,0,,,0,-500,0,
7073,1116,6755,5698,0x40000040,0,0,96,1192,0,-1,The Ring of Trials Draenor,,,,,,,,,,,,,,,,0xFF01FE,0x0,0,,,0,-500,0,
7074,1116,6755,5699,0x40000040,0,0,96,1192,0,-1,Telaar Draenor,,,,,,,,,,,,,,,,0xFF01FE,0x0,0,,,0,-500,0,
7075,1116,6720,5700,0x40000040,0,0,0,0,1479,-1,Thunder Pass Outpost,,,,,,,,,,,,,,,,0xFF01FE,0x0,0,,,0,-500,0,
7076,1116,6720,5701,0x40000040,0,0,0,0,1479,-1,Iron Horde Wagon Stop,,,,,,,,,,,,,,,,0xFF01FE,0x0,0,,,0,-500,0,
7078,1116,6719,5703,0x40,0,0,96,1151,1455,-1,Lunarfall Ruins,,,,,,,,,,,,,,,,0xFF01FE,0x0,0,,,0,-500,0,
7079,1116,6720,5704,0x40000040,0,0,0,0,0,-1,Lowland Cave,,,,,,,,,,,,,,,,0xFF01FE,0x0,0,,,0,-500,0,
7080,1116,6941,5705,0x41000040,0,0,0,0,1447,-1,Ashran Center Lane,,,,,,,,,,,,,,,,0xFF01FE,0x0,0,,,0,-500,0,
7081,1116,6755,5706,0x40000040,0,0,96,1192,0,-1,Telaari Station,,,,,,,,,,,,,,,,0xFF01FE,0x0,0,,,0,-500,0,
7082,1116,6719,5707,0x40000040,0,0,0,0,0,-1,Shadowmoon Mine,,,,,,,,,,,,,,,,0xFF01FE,0x0,0,,,0,-500,0,
7083,1116,6719,5708,0x40000000,0,0,84,1235,1565,-1,Defense of Karabor,,,,,,,,,,,,,,,,0xFF01FE,0x0,0,,,0,-500,0,
7084,1116,6662,5709,0x40000040,0,0,0,0,1504,-1,Aruunas Desolation,,,,,,,,,,,,,,,,0xFF01FE,0x0,0,,,0,-500.0,0.0,
7085,1116,7078,5710,0x40000060,0,0,96,1148,1451,-1,garrison smv alliance1,,,,,,,,,,,,,,,,0xFF01FE,0x0,0,,,0,-500,0,
7086,1116,7078,5711,0x40000060,0,0,96,1149,1451,-1,garrison smv alliance3,,,,,,,,,,,,,,,,0xFF01FE,0x0,0,,,0,-500,0,
7087,1116,7078,5712,0x40001040,0,0,0,0,0,-1,garrison smv alliance4,,,,,,,,,,,,,,,,0xFF01FE,0x0,0,,,0,-500,0,
7088,1116,6941,5713,0x40000040,0,0,0,1220,1440,-1,Ashran,,,,,,,,,,,,,,,,0xFF01FE,0x0,0,,,0,-500,0,
7091,1116,6719,5716,0x40000040,0,0,96,1151,1458,-1,Shimmer Moor,,,,,,,,,,,,,,,,0xFF01FE,0x0,0,,,0,-500,0,
7092,1116,6755,5717,0x40000040,0,0,84,0,1496,-1,Arena Floor Draenor,,,,,,,,,,,,,,,,0xFF01FE,0x0,0,,,0,-500,0,
7093,1116,6722,5718,0x40000040,0,0,0,1274,0,-1,The High Road,,,,,,,,,,,,,,,,0xFF01FE,0x0,0,,,0,-500,0,
7094,1116,6755,5719,0x40000040,0,0,0,0,0,-1,Stonecrag Gorge,,,,,,,,,,,,,,,,0xFF01FE,0x0,0,,,0,-500,0,
7095,1116,6755,5720,0x40000040,0,0,0,0,0,-1,Wrecked Caravan,,,,,,,,,,,,,,,,0xFF01FE,0x0,0,,,0,-500,0,
7096,1116,7004,5721,0x40000063,0,0,96,1231,1448,-1,garrison ffr horde1,,,,,,,,,,,,,,,,0xFF01FE,0x0,0,,,0,-500,0,
7097,1116,6662,5722,0x40000040,0,0,0,0,0,-1,PH Alliance Garrison Outpost,,,,,,,,,,,,,,,,0xFF01FE,0x0,0,,,0,-500.0,0.0,
7098,1116,6662,5723,0x40000040,0,0,0,0,0,-1,VoljinsPride,,,,,,,,,,,,,,,,0xFF01FE,0x0,0,,,0,-500.0,0.0,
7099,1116,6941,5724,0x41000040,0,0,0,0,1447,-1,Ashran,,,,,,,,,,,,,,,,0xFF01FE,0x0,0,,,0,-500,0,
7100,1116,6941,5725,0x41000040,0,0,0,0,1446,-1,Ashran Alliance PVP Base,,,,,,,,,,,,,,,,0xFF01FE,0x0,0,,,0,-500,0,
7103,1116,7004,5728,0x40000060,0,0,96,1231,1448,-1,garrison ffr horde3,,,,,,,,,,,,,,,,0xFF01FE,0x0,0,,,0,-500,0,
7104,1116,7004,5729,0x40001040,0,0,0,0,0,-1,garrison ffr horde4,,,,,,,,,,,,,,,,0xFF01FE,0x0,0,,,0,-500,0,
7105,1116,6755,5730,0x40000040,0,0,96,1192,0,-1,Rangari Overlook,,,,,,,,,,,,,,,,0xFF01FE,0x0,0,,,0,-500,0,
7110,1116,6722,5735,0x40000040,0,0,0,0,1467,-1,The Undergrowth,,,,,,,,,,,,,,,,0xFF01FE,0x0,0,,,0,-500,0,
7111,1116,6722,5736,0x40000040,0,0,0,0,1467,-1,Crows Crossing,,,,,,,,,,,,,,,,0xFF01FE,0x0,0,,,0,-500,0,
7112,1116,6662,5737,0x40000040,0,0,0,0,0,-1,Frostwolf Overlook,,,,,,,,,,,,,,,,0xFF01FE,0x0,0,,,0,-500.0,0.0,
7113,1116,6720,5738,0x40000040,0,0,0,0,1479,-1,Wolfs Stand Scenario,,,,,,,,,,,,,,,,0xFF01FE,0x0,0,,,0,-500,0,
7114,1116,6662,5739,0x40000040,0,0,0,0,1501,-1,Auchenai Precipice,,,,,,,,,,,,,,,,0xFF01FE,0x0,0,,,0,-500.0,0.0,
7115,1116,6662,5740,0x40000040,0,0,84,400,1561,-1,Zangarra,,,,,,,,,,,,,,,,0xFF01FE,0x0,0,,,0,-500.0,0.0,
7116,1116,6719,5741,0x40000040,0,0,0,0,1457,-1,Elodor,,,,,,,,,,,,,,,,0xFF01FE,0x0,0,,,0,-500,0,
7117,1116,6719,5742,0x40000040,0,0,0,0,1457,-1,Elodor Fields,,,,,,,,,,,,,,,,0xFF01FE,0x0,0,,,0,-500,0,
7118,1116,6719,5743,0x40000040,0,0,0,0,0,-1,Fey Landing,,,,,,,,,,,,,,,,0xFF01FE,0x0,0,,,0,-500,0,
7119,1116,6719,5744,0x40000040,0,0,0,400,0,-1,Rangaari Enclave,,,,,,,,,,,,,,,,0xFF01FE,0x0,0,,,0,-500,0,
7120,1116,6719,5745,0x40000040,0,0,0,0,0,-1,Altar of Shatar,,,,,,,,,,,,,,,,0xFF01FE,0x0,0,,,0,-500,0,
7121,1116,6719,5746,0x40000040,0,0,0,0,1457,-1,Exarchs Rise,,,,,,,,,,,,,,,,0xFF01FE,0x0,0,,,0,-500,0,
7122,1116,6719,5747,0x40000040,0,0,96,1150,1457,-1,Arbor Glen,,,,,,,,,,,,,,,,0xFF01FE,0x0,0,,,0,-500,0,
7123,1116,6755,5748,0x40000040,0,0,96,1217,1495,-1,Hallvalor,,,,,,,,,,,,,,,,0xFF01FE,0x0,0,,,0,-500,0,
7124,1116,6755,5749,0x40000040,0,0,96,1192,0,-1,The Masters Cavern,,,,,,,,,,,,,,,,0xFF01FE,0x0,0,,,0,-500,0,
7125,1116,6722,5750,0x40000040,0,0,0,0,1467,-1,Shadowglade,,,,,,,,,,,,,,,,0xFF01FE,0x0,0,,,0,-500,0,
7126,1116,6722,5751,0x40000040,0,0,0,1180,1467,-1,Shattered Hand Camp,,,,,,,,,,,,,,,,0xFF01FE,0x0,0,,,0,-500,0,
7127,1116,6722,5752,0x40000040,0,0,0,0,1467,-1,VeilAkraz,,,,,,,,,,,,,,,,0xFF01FE,0x0,0,,,0,-500,0,
7128,1116,6720,5753,0x40000040,0,0,0,0,0,-1,Raiders Hideout,,,,,,,,,,,,,,,,0xFF01FE,0x0,0,,,0,-500,0,
7131,1116,6662,5756,0x40000040,0,0,84,1300,1505,-1,Gordal Fortress,,,,,,,,,,,,,,,,0xFF01FE,0x0,0,,,0,-500.0,0.0,
7132,1116,6662,5757,0x40000040,0,0,0,0,0,-1,Talador Maraads Bivouac,,,,,,,,,,,,,,,,0xFF01FE,0x0,0,,,0,-500.0,0.0,
7133,1116,6662,5758,0x40000040,0,0,0,397,0,-1,Durotans Grasp,,,,,,,,,,,,,,,,0xFF01FE,0x0,0,,,0,-500.0,0.0,
7134,1116,6662,5759,0x40000040,0,0,0,397,0,-1,Talador Drakas Den,,,,,,,,,,,,,,,,0xFF01FE,0x0,0,,,0,-500.0,0.0,
7135,1116,6662,5760,0x40000040,0,0,0,397,0,-1,Talador Mount Volwrath,,,,,,,,,,,,,,,,0xFF01FE,0x0,0,,,0,-500.0,0.0,
7136,1116,6662,5761,0x40000040,0,0,0,0,0,-1,Talador Draxens Workshop,,,,,,,,,,,,,,,,0xFF01FE,0x0,0,,,0,-500.0,0.0,
7138,1116,6662,5762,0x40000040,0,0,0,0,0,-1,Talador Traks Rise,,,,,,,,,,,,,,,,0xFF01FE,0x0,0,,,0,-500.0,0.0,
7139,1116,6755,5763,0x40000040,0,0,0,0,0,-1,Elemental Plateau Draenor,,,,,,,,,,,,,,,,0xFF01FE,0x0,0,,,0,-500,0,
7140,1116,6722,5764,0x40000040,0,0,0,0,0,-1,Bloodmane Valley,,,,,,,,,,,,,,,,0xFF01FE,0x0,0,,,0,-500,0,
7142,1116,6722,5766,0x40000040,0,0,0,0,1467,-1,Ravenspeaker camp,,,,,,,,,,,,,,,,0xFF01FE,0x0,0,,,0,-500,0,
7143,1116,6722,5767,0x40000040,0,0,0,0,1467,-1,Gnarlwood Pass,,,,,,,,,,,,,,,,0xFF01FE,0x0,0,,,0,-500,0,
7144,1116,6719,5768,0x40000040,0,0,96,1248,1460,-1,Blademoon Bloom,,,,,,,,,,,,,,,,0xFF01FE,0x0,0,,,0,-500,0,
7145,1116,6722,5769,0x40000040,0,0,0,1258,1468,-1,Sethekk Hollow,,,,,,,,,,,,,,,,0xFF01FE,0x0,0,,,0,-500,0,
7146,1116,6722,5770,0x40000040,0,0,0,0,0,-1,Bones of Sethe,,,,,,,,,,,,,,,,0xFF01FE,0x0,0,,,0,-500,0,
7147,1116,6722,5771,0x40000040,0,0,96,1258,1467,-1,The Broken Spire,,,,,,,,,,,,,,,,0xFF01FE,0x0,0,,,0,-500,0,
7149,1116,6721,5773,0x40000040,0,0,0,403,1477,-1,Red Zangar,,,,,,,,,,,,,,,,0xFF01FE,0x0,0,,,0,-500,0,
7150,1116,6755,5774,0x40000040,0,0,0,0,1490,-1,Shadowfall Canyon,,,,,,,,,,,,,,,,0xFF01FE,0x0,0,,,0,-500,0,
7151,1116,6755,5775,0x40000040,0,0,96,1313,1490,-1,Shadowfall Canyon,,,,,,,,,,,,,,,,0xFF01FE,0x0,0,,,0,-500,0,
7152,1116,6721,5776,0x40000040,0,0,86,1251,1474,-1,Naiellas Watch,,,,,,,,,,,,,,,,0xFF01FE,0x0,0,,,0,-500,0,
7153,1116,6721,5777,0x40000040,0,0,96,1251,1474,-1,Wildwood Wash,,,,,,,,,,,,,,,,0xFF01FE,0x0,0,,,0,-500,0,
7154,1116,6721,5778,0x40000040,0,0,0,0,1475,-1,Drywind Gorge,,,,,,,,,,,,,,,,0xFF01FE,0x0,0,,,0,-500,0,
7155,1116,6721,5779,0x40000040,0,0,96,0,1475,-1,Valley of Destruction,,,,,,,,,,,,,,,,0xFF01FE,0x0,0,,,0,-500,0,
7156,1116,6755,5780,0x40000040,0,0,96,1219,0,-1,Anguish Point,,,,,,,,,,,,,,,,0xFF01FE,0x0,0,,,0,-500,0,
7158,1116,6721,5782,0x40200040,0,0,96,1251,0,-1,Highpass,,,,,,,,,,,,,,,,0xFF01FE,0x0,0,,,0,-500,0,
7159,1116,6721,5783,0x40000040,0,0,96,1251,1474,-1,Frondfall,,,,,,,,,,,,,,,,0xFF01FE,0x0,0,,,0,-500,0,
7160,1116,6721,5784,0x40000040,0,0,0,0,0,-1,Fissure Of Fury,,,,,,,,,,,,,,,,0xFF01FE,0x0,0,,,0,-500,0,
7161,1116,6719,5785,0x40000040,0,0,0,0,1457,-1,The Draakorium,,,,,,,,,,,,,,,,0xFF01FE,0x0,0,,,0,-500,0,
7162,1116,6722,5786,0x40000040,0,0,96,1180,1466,-1,Pinchwhistle Gearworks,,,,,,,,,,,,,,,,0xFF01FE,0x0,0,,,0,-500,0,
7163,1116,6722,5787,0x40000040,0,0,0,1290,1466,-1,Pinchwhistle Point,,,,,,,,,,,,,,,,0xFF01FE,0x0,0,,,0,-500,0,
7164,1116,6722,5788,0x40000040,0,0,0,0,0,-1,Wreck of the Mother Lode,,,,,,,,,,,,,,,,0xFF01FE,0x0,0,,,0,-500,0,
7165,1116,6719,5789,0x40000040,0,0,0,0,0,-1,Fionas Caravan,,,,,,,,,,,,,,,,0xFF01FE,0x0,0,,,0,-500,0,
7166,1116,6721,5790,0x40000440,0,0,0,0,0,-1,Highpass Logging Camp,,,,,,,,,,,,,,,,0xFF01FE,0x0,0,,,0,-500,0,
7167,1116,6719,5791,0x40000040,0,0,0,0,1457,-1,Elodor Dig,,,,,,,,,,,,,,,,0xFF01FE,0x0,0,,,0,-500,0,
7168,1116,6755,5792,0x40000040,0,0,96,1192,0,-1,Terrors Cave,,,,,,,,,,,,,,,,0xFF01FE,0x0,0,,,0,-500,0,
7170,1116,6721,5794,0x40000040,0,0,0,0,0,-1,zzOld Sundered Pass,,,,,,,,,,,,,,,,0xFF01FE,0x0,0,,,0,-500,0,
7171,1116,6721,5795,0x40000040,0,0,0,403,1477,-1,Heart of Fen,,,,,,,,,,,,,,,,0xFF01FE,0x0,0,,,0,-500,0,
7172,1116,6755,5796,0x40000040,0,0,82,25,1494,-1,Shadowfall Canyon,,,,,,,,,,,,,,,,0xFF01FE,0x0,0,,,0,-500,0,
7173,1116,6719,5797,0x40000040,0,0,96,1150,0,-1,Eventide Landing,,,,,,,,,,,,,,,,0xFF01FE,0x0,0,,,0,-500,0,
7177,1116,6721,5801,0x40000040,0,0,0,403,0,-1,Gorgers Burrow,,,,,,,,,,,,,,,,0xFF01FE,0x0,0,,,0,-500,0,
7178,1116,6721,5802,0x40000040,0,0,0,403,0,-1,Rexxars Refuge,,,,,,,,,,,,,,,,0xFF01FE,0x0,0,,,0,-500,0,
7179,1116,6662,5803,0x40000040,0,0,0,0,1505,-1,Throne of the Witch Lord,,,,,,,,,,,,,,,,0xFF01FE,0x0,0,,,0,-500.0,0.0,
7180,1116,6722,5804,0x40000040,0,0,0,1258,0,-1,Talon Watch,,,,,,,,,,,,,,,,0xFF01FE,0x0,0,,,0,-500,0,
7181,1116,6722,5805,0x40000040,0,0,0,1258,0,-1,Lithics Rest,,,,,,,,,,,,,,,,0xFF01FE,0x0,0,,,0,-500,0,
7182,1116,6722,5806,0x40000040,0,0,0,0,1467,-1,Talon Altar,,,,,,,,,,,,,,,,0xFF01FE,0x0,0,,,0,-500,0,
7183,1116,6721,5807,0x40000040,0,0,0,403,1475,-1,Breakers Crown,,,,,,,,,,,,,,,,0xFF01FE,0x0,0,,,0,-500,0,
7184,1116,6721,5808,0x40000040,0,0,84,1244,0,-1,zzOld Imperial Road,,,,,,,,,,,,,,,,0xFF01FE,0x0,0,,,0,-500,0,
7185,1116,6721,5809,0x40000040,0,0,75,1257,0,-1,Moiras Reach,,,,,,,,,,,,,,,,0xFF01FE,0x0,0,,,0,-500,0,
7186,1116,6755,5810,0x40000040,0,0,0,0,0,-1,Mokgor,,,,,,,,,,,,,,,,0xFF01FE,0x0,0,,,0,-500,0,
7187,1116,6755,5811,0x40000040,0,0,0,0,0,-1,Kagah,,,,,,,,,,,,,,,,0xFF01FE,0x0,0,,,0,-500,0,
7188,1116,6755,5812,0x40000040,0,0,0,0,0,-1,Graah,,,,,,,,,,,,,,,,0xFF01FE,0x0,0,,,0,-500,0,
7189,1116,6719,5813,0x40000000,0,0,96,1149,0,-1,Shrine of Othaar,,,,,,,,,,,,,,,,0xFF01FE,0x0,0,,,0,-500,0,
7190,1116,6721,5814,0x40000040,0,0,96,1252,1475,-1,Dionors Demise,,,,,,,,,,,,,,,,0xFF01FE,0x0,0,,,0,-500,0,
7191,1116,6662,5815,0x40000040,0,0,0,0,0,-1,Talador,,,,,,,,,,,,,,,,0xFF01FE,0x0,0,,,0,-500.0,0.0,
7197,1116,6722,5821,0x40000040,0,0,0,0,1487,-1,Spires Horde Outpost,,,,,,,,,,,,,,,,0xFF01FE,0x0,0,,,0,-500,0,
7198,1116,6722,5822,0x40000040,0,0,0,0,1486,-1,Southport,,,,,,,,,,,,,,,,0xFF01FE,0x0,0,,,0,-500,0,
7199,1116,6722,5823,0x40000040,0,0,0,0,1465,-1,Apexis Excavation,,,,,,,,,,,,,,,,0xFF01FE,0x0,0,,,0,-500,0,
7201,1116,6941,5825,0x40000040,0,0,0,0,0,-1,Ashran Ogre Tower,,,,,,,,,,,,,,,,0xFF01FE,0x0,0,,,0,-500,0,
7202,1116,6722,5826,0x40000040,0,0,0,0,1470,-1,The Writhing Mire,,,,,,,,,,,,,,,,0xFF01FE,0x0,0,,,0,-500,0,
7203,1116,6755,5827,0x40000040,0,0,0,0,0,-1,Shadowfall Canyon,,,,,,,,,,,,,,,,0xFF01FE,0x0,0,,,0,-500,0,
7204,1116,6755,5828,0x40000040,0,0,0,0,0,-1,Shadowfall Canyon,,,,,,,,,,,,,,,,0xFF01FE,0x0,0,,,0,-500,0,
7205,1116,6721,5829,0x40000040,0,0,84,0,1475,-1,Gromkar Gulch,,,,,,,,,,,,,,,,0xFF01FE,0x0,0,,,0,-500,0,
7206,1116,6755,5830,0x40000040,0,0,96,1313,0,-1,Lonely Falls,,,,,,,,,,,,,,,,0xFF01FE,0x0,0,,,0,-500,0,
7207,1116,6722,5831,0x40000040,0,0,0,0,0,-1,Apexis Chamber,,,,,,,,,,,,,,,,0xFF01FE,0x0,0,,,0,-500,0,
7208,1116,6722,5832,0x40000040,0,0,69,1295,0,-1,The Briny Barnacle,,,,,,,,,,,,,,,,0xFF01FE,0x0,0,,,0,-500,0,
7209,1116,6720,5833,0x40000040,0,0,84,0,1519,-1,Bladespire Fortress,,,,,,,,,,,,,,,,0xFF01FE,0x0,0,,,0,-500,0,
7210,1116,7004,5834,0x40000060,0,0,0,1231,1448,-1,garrison ffr horde2,,,,,,,,,,,,,,,,0xFF01FE,0x0,0,,,0,-500,0,
7211,1116,7078,5835,0x40000060,0,0,96,1149,1451,-1,garrison smv alliance2,,,,,,,,,,,,,,,,0xFF01FE,0x0,0,,,0,-500,0,
7213,1116,6719,5837,0x40000000,0,0,84,1235,0,-1,Defense of Karabor,,,,,,,,,,,,,,,,0xFF01FE,0x0,0,,,0,-500,0,
7214,1116,6719,5838,0x40000000,0,0,84,1235,0,-1,Defense of Karabor,,,,,,,,,,,,,,,,0xFF01FE,0x0,0,,,0,-500,0,
7215,1116,6719,5839,0x40000040,0,0,0,0,0,-1,Moonlit Shore,,,,,,,,,,,,,,,,0xFF01FE,0x0,0,,,0,-500,0,
7216,1116,6719,5840,0x40000040,0,0,0,0,0,-1,Great Tree Valuundira,,,,,,,,,,,,,,,,0xFF01FE,0x0,0,,,0,-500,0,
7217,1116,6755,5841,0x40000040,0,0,96,1219,1491,-1,Gates of Grommashar Scenario,,,,,,,,,,,,,,,,0xFF01FE,0x0,0,,,0,-500,0,
7218,1116,6755,5842,0x40000040,0,0,96,1219,1491,-1,Grommashar Scenario,,,,,,,,,,,,,,,,0xFF01FE,0x0,0,,,0,-500,0,
7219,1116,6722,5843,0x40000040,0,0,0,1266,1470,-1,Sporemis tShallows,,,,,,,,,,,,,,,,0xFF01FE,0x0,0,,,0,-500,0,
7220,1116,6719,5844,0x40000040,0,0,0,0,0,-1,Forgotten Shore,,,,,,,,,,,,,,,,0xFF01FE,0x0,0,,,0,-500,0,
7221,1116,6719,5845,0x40000040,0,0,0,0,1454,-1,Isle of Shadows,,,,,,,,,,,,,,,,0xFF01FE,0x0,0,,,0,-500,0,
7222,1116,6722,5846,0x40000040,0,0,0,0,1469,-1,Admiral Taylors Farm,,,,,,,,,,,,,,,,0xFF01FE,0x0,0,,,0,-500,0,
7223,1116,6719,5847,0x40000040,0,0,0,0,0,-1,Black Altar of Xantish,,,,,,,,,,,,,,,,0xFF01FE,0x0,0,,,0,-500,0,
7224,1116,6721,5848,0x40000040,0,0,0,1244,1474,-1,Tangleheart,,,,,,,,,,,,,,,,0xFF01FE,0x0,0,,,0,-500,0,
7225,1116,6719,5849,0x40000040,0,0,0,400,1461,-1,Umbrafen,,,,,,,,,,,,,,,,0xFF01FE,0x0,0,,,0,-500,0,
7226,1116,6755,5850,0x40000040,0,0,96,1192,0,-1,Eastwind Gulch,,,,,,,,,,,,,,,,0xFF01FE,0x0,0,,,0,-500,0,
7227,1116,6755,5851,0x40000040,0,0,0,0,0,-1,Skysong Lake Draenor,,,,,,,,,,,,,,,,0xFF01FE,0x0,0,,,0,-500,0,
7228,1116,6719,5852,0x42000000,0,0,0,0,1459,-1,Vile Cavern,,,,,,,,,,,,,,,,0xFF01FE,0x0,0,,,0,-500,0,
7229,1116,6719,5853,0x40,0,0,0,0,1453,-1,DoNotModifyAllianceTownHallPlaceHolder,,,,,,,,,,,,,,,,0xFF01FE,0x0,0,,,0,-500,0,
7230,1116,6719,5854,0x40,0,0,0,0,0,-1,DoNotModifyHordeTownHallPlaceHolder,,,,,,,,,,,,,,,,0xFF01FE,0x0,0,,,0,-500,0,
7231,1116,6719,5855,0x40000040,0,0,96,1150,1460,-1,Swamplight Trail,,,,,,,,,,,,,,,,0xFF01FE,0x0,0,,,0,-500,0,
7232,1116,6719,5856,0x40000040,0,0,96,1151,0,-1,Drybone Hollow,,,,,,,,,,,,,,,,0xFF01FE,0x0,0,,,0,-500,0,
7233,1116,6720,5857,0x40000040,0,0,0,0,1520,-1,Frostangler Bay,,,,,,,,,,,,,,,,0xFF01FE,0x0,0,,,0,-500,0,
7234,1116,6720,5858,0x40000040,0,0,0,0,0,-1,Cold Snap Coast,,,,,,,,,,,,,,,,0xFF01FE,0x0,0,,,0,-500,0,
7235,1116,6720,5859,0x40000040,0,0,0,0,1520,-1,Colossal Depths,,,,,,,,,,,,,,,,0xFF01FE,0x0,0,,,0,-500,0,
7236,1116,6720,5860,0x40000040,0,0,0,0,0,-1,Torgoroths Tooth,,,,,,,,,,,,,,,,0xFF01FE,0x0,0,,,0,-500,0,
7237,1116,6720,5861,0x40000040,0,0,0,0,1473,-1,Bloodmaul Landing,,,,,,,,,,,,,,,,0xFF01FE,0x0,0,,,0,-500,0,
7238,1116,6720,5862,0x40000040,0,0,0,0,1520,-1,Iron Sea,,,,,,,,,,,,,,,,0xFF01FE,0x0,0,,,0,-500,0,
7239,1116,6720,5863,0x40000040,0,0,0,0,1520,-1,Zangar Sea,,,,,,,,,,,,,,,,0xFF01FE,0x0,0,,,0,-500,0,
7241,1116,6720,5865,0x40000040,0,0,0,0,1520,-1,Southwind Inlet,,,,,,,,,,,,,,,,0xFF01FE,0x0,0,,,0,-500,0,
7242,1116,6720,5866,0x40000040,0,0,0,0,1520,-1,ThePale Cove,,,,,,,,,,,,,,,,0xFF01FE,0x0,0,,,0,-500,0,
7243,1116,6720,5867,0x40000040,0,0,0,0,0,-1,Frostboar Point,,,,,,,,,,,,,,,,0xFF01FE,0x0,0,,,0,-500,0,
7244,1116,6720,5868,0x40000040,0,0,0,0,1520,-1,Frostbite Deep,,,,,,,,,,,,,,,,0xFF01FE,0x0,0,,,0,-500,0,
7245,1116,6720,5869,0x40000040,0,0,0,0,1482,-1,Atagar Promontory,,,,,,,,,,,,,,,,0xFF01FE,0x0,0,,,0,-500,0,
7246,1116,6719,5870,0x40000040,0,0,96,1151,1459,-1,Gloomshade Cove,,,,,,,,,,,,,,,,0xFF01FE,0x0,0,,,0,-500,0,
7247,1116,6720,5871,0x40000040,0,0,0,0,0,-1,Ozgors Launch,,,,,,,,,,,,,,,,0xFF01FE,0x0,0,,,0,-500,0,
7248,1116,6720,5872,0x40000040,0,0,0,0,0,-1,Thromvar Landing,,,,,,,,,,,,,,,,0xFF01FE,0x0,0,,,0,-500,0,
7249,1116,6719,5873,0x40000040,0,0,96,1151,0,-1,Shadowmoon Cape,,,,,,,,,,,,,,,,0xFF01FE,0x0,0,,,0,-500,0,
7250,1116,6719,5874,0x40000040,0,0,96,1151,1461,-1,Umbrafen Point,,,,,,,,,,,,,,,,0xFF01FE,0x0,0,,,0,-500,0,
7253,1116,6719,5877,0x40000040,0,0,0,0,0,-1,Shadowmoon Rise,,,,,,,,,,,,,,,,0xFF01FE,0x0,0,,,0,-500,0,
7255,1116,6755,5879,0x40000040,0,0,0,0,1560,-1,Zangar Sea Nagrand,,,,,,,,,,,,,,,,0xFF01FE,0x0,0,,,0,-500,0,
7256,1116,6719,5880,0x40000040,0,0,0,0,0,-1,Darktide Strait,,,,,,,,,,,,,,,,0xFF01FE,0x0,0,,,0,-500,0,
7257,1116,6720,5881,0x40000040,0,0,0,0,1520,-1,Glacier Bay,,,,,,,,,,,,,,,,0xFF01FE,0x0,0,,,0,-500,0,
7258,1116,6719,5882,0x40000040,0,0,0,0,1560,-1,The Evanescent Sea,,,,,,,,,,,,,,,,0xFF01FE,0x0,0,,,0,-500,0,
7259,1116,6721,5883,0x40000040,0,0,0,0,1473,-1,Iron Sea Gorgrond,,,,,,,,,,,,,,,,0xFF01FE,0x0,0,,,0,-500,0,
7260,1116,6720,5884,0x40000040,0,0,0,0,0,-1,Frostchill Lagoon,,,,,,,,,,,,,,,,0xFF01FE,0x0,0,,,0,-500,0,
7261,1116,6720,5885,0x40000040,0,0,0,0,0,-1,Frostbite Wall,,,,,,,,,,,,,,,,0xFF01FE,0x0,0,,,0,-500,0,
7262,1116,6719,5886,0x40000040,0,0,0,0,1461,-1,Tanaan Channel,,,,,,,,,,,,,,,,0xFF01FE,0x0,0,,,0,-500,0,
7263,1116,6720,5887,0x40000040,0,0,0,0,0,-1,Bloodmaul Scar,,,,,,,,,,,,,,,,0xFF01FE,0x0,0,,,0,-500,0,
7264,1116,6719,5888,0x40000040,0,0,0,0,0,-1,Shadowmoon Coast,,,,,,,,,,,,,,,,0xFF01FE,0x0,0,,,0,-500,0,
7265,1116,6723,5889,0x40000040,0,0,0,0,1560,-1,Tanaan Channel,,,,,,,,,,,,,,,,0xFF01FE,0x0,0,,,0,-500,0,
7266,1116,6722,5890,0x42C04000,0,0,0,0,0,-1,The Rusty Cylinder,,,,,,,,,,,,,,,,0xFF01FE,0x0,0,,,0,-500,0,
7267,1116,6755,5891,0x40000040,0,0,0,0,0,-1,Stonecrag Gorge,,,,,,,,,,,,,,,,0xFF01FE,0x0,0,,,0,-500,0,
7268,1116,6722,5892,0x40000040,0,0,0,0,0,-1,Terokkar Wayshrine,,,,,,,,,,,,,,,,0xFF01FE,0x0,0,,,0,-500,0,
7269,1116,6662,5893,0x40200040,0,0,0,0,1503,-1,Spire of Light,,,,,,,,,,,,,,,,0xFF01FE,0x0,0,,,0,-500.0,0.0,
7270,1116,6722,5894,0x40000040,0,0,0,0,0,-1,The Howling Crag,,,,,,,,,,,,,,,,0xFF01FE,0x0,0,,,0,-500,0,
7271,1116,6755,5895,0x40000040,0,0,96,1192,0,-1,Worgskins Camp,,,,,,,,,,,,,,,,0xFF01FE,0x0,0,,,0,-500,0,
7272,1116,6722,5896,0x40000040,0,0,0,0,0,-1,Murkbog,,,,,,,,,,,,,,,,0xFF01FE,0x0,0,,,0,-500,0,
7273,1116,6755,5897,0x40000040,0,0,96,1192,0,-1,Silence Pond,,,,,,,,,,,,,,,,0xFF01FE,0x0,0,,,0,-500,0,
7274,1116,6722,5898,0x40000040,0,0,0,0,1467,-1,VeilZekk,,,,,,,,,,,,,,,,0xFF01FE,0x0,0,,,0,-500,0,
7275,1116,6941,5899,0x40000040,0,0,0,0,1444,-1,Ashran The Quarry,,,,,,,,,,,,,,,,0xFF01FE,0x0,0,,,0,-500,0,
7276,1116,6722,5900,0x40000040,0,0,0,0,0,-1,Forlorn Delta,,,,,,,,,,,,,,,,0xFF01FE,0x0,0,,,0,-500,0,
7277,1116,6722,5901,0x40000040,0,0,0,0,0,-1,Bloodmane Pridelands,,,,,,,,,,,,,,,,0xFF01FE,0x0,0,,,0,-500,0,
7278,1116,6722,5902,0x40000040,0,0,0,0,0,-1,Smart Saberon Den,,,,,,,,,,,,,,,,0xFF01FE,0x0,0,,,0,-500,0,
7279,1116,6941,5903,0x40000040,0,0,0,0,1445,-1,Ashran The Stadium,,,,,,,,,,,,,,,,0xFF01FE,0x0,0,,,0,-500,0,
7280,1116,6755,5904,0x40000040,0,0,0,0,0,-1,Throne of the Elements Draenor,,,,,,,,,,,,,,,,0xFF01FE,0x0,0,,,0,-500,0,
7281,1116,6721,5905,0x40000440,0,0,0,0,0,-1,Savage Fight Club,,,,,,,,,,,,,,,,0xFF01FE,0x0,0,,,0,-500,0,
7282,1116,6721,5906,0x40000440,0,0,0,0,0,-1,Lowlands Lumber Yard,,,,,,,,,,,,,,,,0xFF01FE,0x0,0,,,0,-500,0,
7283,1116,6721,5907,0x40000440,0,0,0,0,0,-1,Highpass Sparring Ring,,,,,,,,,,,,,,,,0xFF01FE,0x0,0,,,0,-500,0,
7288,1116,6722,5912,0x40000440,0,0,0,0,0,-1,Smugglers Den Horde,,,,,,,,,,,,,,,,0xFF01FE,0x0,0,,,0,-500,0,
7289,1116,6722,5913,0x40000440,0,0,0,0,0,-1,Smugglers Den Alliance,,,,,,,,,,,,,,,,0xFF01FE,0x0,0,,,0,-500,0,
7290,1116,6722,5914,0x40000440,0,0,0,0,0,-1,Hearth fire Tavern,,,,,,,,,,,,,,,,0xFF01FE,0x0,0,,,0,-500,0,
7291,1116,6722,5915,0x40000440,0,0,0,0,0,-1,Stoktron Brewery,,,,,,,,,,,,,,,,0xFF01FE,0x0,0,,,0,-500,0,
7292,1116,6755,5916,0x40000440,0,0,0,0,0,-1,Worvar Corral,,,,,,,,,,,,,,,,0xFF01FE,0x0,0,,,0,-500,0,
7293,1116,6755,5917,0x40000440,0,0,0,0,0,-1,Rangari Corral,,,,,,,,,,,,,,,,0xFF01FE,0x0,0,,,0,-500,0,
7294,1116,6755,5918,0x40000440,0,0,0,0,0,-1,Worvar Tankworks,,,,,,,,,,,,,,,,0xFF01FE,0x0,0,,,0,-500,0,
7295,1116,6755,5919,0x40000440,0,0,0,0,0,-1,Telaari Tankworks,,,,,,,,,,,,,,,,0xFF01FE,0x0,0,,,0,-500,0,
7296,1116,6755,5920,0x40000000,0,0,96,1218,1491,-1,Mokgol Watchpost,,,,,,,,,,,,,,,,0xFF01FE,0x0,0,,,0,-500,0,
7297,1116,6755,5921,0x40000000,0,0,0,0,0,-1,Ruins Of Nagwa,,,,,,,,,,,,,,,,0xFF01FE,0x0,0,,,0,-500,0,
7298,1116,6721,5922,0x40000040,0,0,0,1251,1474,-1,Overlook Ruins,,,,,,,,,,,,,,,,0xFF01FE,0x0,0,,,0,-500,0,
7299,1116,6721,5923,0x40000040,0,0,96,1251,1474,-1,Bastion Ruins,,,,,,,,,,,,,,,,0xFF01FE,0x0,0,,,0,-500,0,
7300,1116,6721,5924,0x40000040,0,0,96,1355,1473,-1,Barrier Sea,,,,,,,,,,,,,,,,0xFF01FE,0x0,0,,,0,-500,0,
7301,1116,6755,5925,0x40000000,0,0,0,0,0,-1,Mokgol Hold,,,,,,,,,,,,,,,,0xFF01FE,0x0,0,,,0,-500,0,
7302,1116,6722,5926,0x40000040,0,0,0,0,0,-1,Shadows Vigil,,,,,,,,,,,,,,,,0xFF01FE,0x0,0,,,0,-500,0,
7303,1116,6755,5927,0x40000040,0,0,96,1218,1489,-1,Broken Precipice,,,,,,,,,,,,,,,,0xFF01FE,0x0,0,,,0,-500,0,
7304,1116,6721,5928,0x40000040,0,0,0,0,1475,-1,Steamscar Rise,,,,,,,,,,,,,,,,0xFF01FE,0x0,0,,,0,-500,0,
7305,1116,6722,5929,0x40001040,0,0,0,0,1465,-1,Terrace of Dawn,,,,,,,,,,,,,,,,0xFF01FE,0x0,0,,,0,-500,0,
7306,1116,6722,5930,0x40001040,0,0,0,0,1465,-1,Windswept Terrace,,,,,,,,,,,,,,,,0xFF01FE,0x0,0,,,0,-500,0,
7308,1116,6722,5932,0x40000040,0,0,0,0,1468,-1,Harvesting Pits,,,,,,,,,,,,,,,,0xFF01FE,0x0,0,,,0,-500,0,
7311,1116,6941,5935,0x40000040,0,0,0,0,1439,-1,Ashran The Altar,,,,,,,,,,,,,,,,0xFF01FE,0x0,0,,,0,-500,0,
7312,1116,6755,5936,0x40000040,0,0,96,1192,0,-1,Castaway Cave,,,,,,,,,,,,,,,,0xFF01FE,0x0,0,,,0,-500,0,
7313,1116,6721,5937,0x40000040,0,0,0,0,1474,-1,Destroyed Expedition,,,,,,,,,,,,,,,,0xFF01FE,0x0,0,,,0,-500,0,
7315,1116,6722,5939,0x40000040,0,0,0,0,1468,-1,Shattered Rise,,,,,,,,,,,,,,,,0xFF01FE,0x0,0,,,0,-500,0,
7316,1116,6722,5940,0x40000040,0,0,84,1274,1467,-1,Max Level Skettis Ruins,,,,,,,,,,,,,,,,0xFF01FE,0x0,0,,,0,-500,0,
7317,1116,6722,5941,0x40000040,0,0,0,1265,1485,-1,Bladefist Hold,,,,,,,,,,,,,,,,0xFF01FE,0x0,0,,,0,-500,0,
7318,1116,6720,5942,0x40400110,0,0,0,0,0,-1,The Sheltered Den,,,,,,,,,,,,,,,,0xFF01FE,0x0,0,,,0,-500,0,
7319,1116,6721,5943,0x40000040,0,0,96,1182,1475,-1,Gorgoreks Fall,,,,,,,,,,,,,,,,0xFF01FE,0x0,0,,,0,-500,0,
7320,1116,6721,5944,0x40000040,0,0,96,1252,1474,-1,Everbloom Wilds,,,,,,,,,,,,,,,,0xFF01FE,0x0,0,,,0,-500,0,
7321,1116,6755,5945,0x40000040,0,0,96,1192,0,-1,Abandoned Highmaul Mine,,,,,,,,,,,,,,,,0xFF01FE,0x0,0,,,0,-500,0,
7322,1116,6721,5946,0x40000040,0,0,84,0,1475,-1,Crushfangs End,,,,,,,,,,,,,,,,0xFF01FE,0x0,0,,,0,-500,0,
7323,1116,6720,5947,0x40000040,0,0,0,1231,0,-1,Ashen Crater,,,,,,,,,,,,,,,,0xFF01FE,0x0,0,,,0,-500,0,
7324,1116,7078,5948,0x40000440,0,0,0,0,0,-1,Lunarfall Mine 1,,,,,,,,,,,,,,,,0xFF01FE,0x0,0,,,0,-500,0,
7325,1116,7078,5949,0x40000440,0,0,0,0,0,-1,Lunarfall Mine 2,,,,,,,,,,,,,,,,0xFF01FE,0x0,0,,,0,-500,0,
7326,1116,7078,5950,0x40000440,0,0,0,0,0,-1,Lunarfall Mine 3,,,,,,,,,,,,,,,,0xFF01FE,0x0,0,,,0,-500,0,
7327,1116,7004,5951,0x40000440,0,0,0,0,1449,-1,Frostwall Mine 1,,,,,,,,,,,,,,,,0xFF01FE,0x0,0,,,0,-500,0,
7328,1116,7004,5952,0x40000440,0,0,0,0,1449,-1,Frostwall Mine 2,,,,,,,,,,,,,,,,0xFF01FE,0x0,0,,,0,-500,0,
7329,1116,7004,5953,0x40000440,0,0,0,0,1449,-1,Frostwall Mine 3,,,,,,,,,,,,,,,,0xFF01FE,0x0,0,,,0,-500,0,
7331,1116,6755,5955,0x40000000,0,0,0,400,1492,-1,Cerulean Lagoon,,,,,,,,,,,,,,,,0xFF01FE,0x0,0,,,0,-500,0,
7332,1116,6941,5956,0x800168,0,0,97,1334,1442,-1,Ashran Alliance Faction Hub,,,,,,,,,,,,,,,,0xFF01FE,0x0,0,,,0,-500,0,
7333,1116,6941,5957,0x400168,0,0,97,1333,1443,-1,Ashran Horde Faction Hub,,,,,,,,,,,,,,,,0xFF01FE,0x0,0,,,0,-500,0,
7367,1116,6755,5991,0x40000040,0,0,96,1218,1489,-1,Highmaul Draenor,,,,,,,,,,,,,,,,0xFF01FE,0x0,0,,,0,-500,0,
7368,1116,6755,5992,0x40000040,0,0,96,1192,0,-1,Gurgthocks Stash,,,,,,,,,,,,,,,,0xFF01FE,0x0,0,,,0,-500,0,
7369,1116,6755,5993,0x40000040,0,0,96,1192,0,-1,The Shattered Tower,,,,,,,,,,,,,,,,0xFF01FE,0x0,0,,,0,-500,0,
7370,1116,6755,5994,0x40000000,0,0,0,0,0,-1,Azulae Outpost,,,,,,,,,,,,,,,,0xFF01FE,0x0,0,,,0,-500,0,
7375,1116,6755,5995,0x40000040,0,0,96,1218,0,-1,Gorian Proving Grounds,,,,,,,,,,,,,,,,0xFF01FE,0x0,0,,,0,-500,0,
7376,1116,6755,5996,0x40000040,0,0,96,1218,1489,-1,The Ring of Blood,,,,,,,,,,,,,,,,0xFF01FE,0x0,0,,,0,-500,0,
7377,1116,6755,5997,0x40000040,0,0,96,1218,1490,-1,Time Lost Glade,,,,,,,,,,,,,,,,0xFF01FE,0x0,0,,,0,-500,0,
7378,1116,6941,5998,0x40000040,0,0,0,0,0,-1,Ashran The Altar,,,,,,,,,,,,,,,,0xFF01FE,0x0,0,,,0,-500,0,
7379,1116,6941,5999,0x40000040,0,0,0,0,0,-1,Ashran The Altar,,,,,,,,,,,,,,,,0xFF01FE,0x0,0,,,0,-500,0,
7385,1116,6755,6005,0x40000040,0,0,0,400,1492,-1,Zangar Shore,,,,,,,,,,,,,,,,0xFF01FE,0x0,0,,,0,-500,0,
7386,1116,6755,6006,0x40000040,0,0,96,1192,0,-1,Spite leaf Thicket,,,,,,,,,,,,,,,,0xFF01FE,0x0,0,,,0,-500,0,
7387,1116,6721,6007,0x40000040,0,0,0,0,0,-1,Supply Cave,,,,,,,,,,,,,,,,0xFF01FE,0x0,0,,,0,-500,0,
7392,1116,6722,6012,0x40000040,0,0,0,0,1454,-1,Pillars Of Fate,,,,,,,,,,,,,,,,0xFF01FE,0x0,0,,,0,-500,0,
7393,1116,6721,6013,0x40000040,0,0,0,0,0,-1,Verdant Pass,,,,,,,,,,,,,,,,0xFF01FE,0x0,0,,,0,-500,0,
7394,1116,6721,6014,0x40000040,0,0,96,0,1475,-1,Steamburst Cauldron,,,,,,,,,,,,,,,,0xFF01FE,0x0,0,,,0,-500,0,
7396,1116,6721,6016,0x40000040,0,0,0,0,0,-1,Darksting Cave,,,,,,,,,,,,,,,,0xFF01FE,0x0,0,,,0,-500,0,
7397,1116,6719,6017,0x40000040,0,0,0,0,1560,-1,Moonlit Shore South,,,,,,,,,,,,,,,,0xFF01FE,0x0,0,,,0,-500,0,
7399,1116,6722,6019,0x40000040,0,0,0,0,1467,-1,Ishaals Hut,,,,,,,,,,,,,,,,0xFF01FE,0x0,0,,,0,-500,0,
7400,1116,6722,6020,0x40000040,0,0,0,0,0,-1,Zelleks Hut,,,,,,,,,,,,,,,,0xFF01FE,0x0,0,,,0,-500,0,
7402,1116,6721,6022,0x40000040,0,0,86,1250,1474,-1,Evermorn Rise,,,,,,,,,,,,,,,,0xFF01FE,0x0,0,,,0,-500,0,
7403,1116,6721,6023,0x40000040,0,0,86,1250,1474,-1,The Compost Heap,,,,,,,,,,,,,,,,0xFF01FE,0x0,0,,,0,-500,0,
7404,1116,6755,6024,0x40000040,0,0,0,400,1492,-1,Lernaen Shore,,,,,,,,,,,,,,,,0xFF01FE,0x0,0,,,0,-500,0,
7405,1116,6755,6025,0x40000040,0,0,0,400,1493,-1,Highmaul Harbor,,,,,,,,,,,,,,,,0xFF01FE,0x0,0,,,0,-500,0,
7406,1116,6755,6026,0x40000040,0,0,96,1192,0,-1,The Cliffs of Highmaul,,,,,,,,,,,,,,,,0xFF01FE,0x0,0,,,0,-500,0,
7407,1116,6755,6027,0x40000040,0,0,0,0,1492,-1,The South Sea,,,,,,,,,,,,,,,,0xFF01FE,0x0,0,,,0,-500,0,
7408,1116,6755,6028,0x40000040,0,0,0,996,0,-1,Windroc Bay,,,,,,,,,,,,,,,,0xFF01FE,0x0,0,,,0,-500,0,
7411,1116,6721,6031,0x40000040,0,0,0,1183,1476,-1,Gorgrond Finale Draenor,,,,,,,,,,,,,,,,0xFF01FE,0x0,0,,,0,-500,0,
7413,1116,6719,6033,0x40000040,0,0,0,1018,1454,-1,Spirit Whisper Hollow,,,,,,,,,,,,,,,,0xFF01FE,0x0,0,,,0,-500,0,
7414,1116,6721,6034,0x40000040,0,0,0,0,1475,-1,Skysea Ridge,,,,,,,,,,,,,,,,0xFF01FE,0x0,0,,,0,-500,0,
7415,1116,6721,6035,0x40000040,0,0,0,1183,1476,-1,Gorgrond Finale Scenario,,,,,,,,,,,,,,,,0xFF01FE,0x0,0,,,0,-500,0,
7416,1116,6721,6036,0x40000040,0,0,0,0,0,-1,Abandoned Cave,,,,,,,,,,,,,,,,0xFF01FE,0x0,0,,,0,-500,0,
7424,1116,6721,6044,0x40000040,0,0,0,0,0,-1,Riverbeast Den,,,,,,,,,,,,,,,,0xFF01FE,0x0,0,,,0,-500,0,
7425,1116,6719,6045,0x40800000,0,0,96,1149,0,-1,Lamplighter Inn,,,,,,,,,,,,,,,,0xFF01FE,0x0,0,,,0,-500,0,
7426,1116,6719,6046,0x40800000,0,0,96,1149,0,-1,The Crescent Hearth,,,,,,,,,,,,,,,,0xFF01FE,0x0,0,,,0,-500,0,
7427,1116,6719,6047,0x40800000,0,0,96,1149,0,-1,The Silken Pillow,,,,,,,,,,,,,,,,0xFF01FE,0x0,0,,,0,-500,0,
7428,1116,6723,6048,0x40000040,0,0,96,1355,1560,-1,Barrier Sea Tanaan,,,,,,,,,,,,,,,,0xFF01FE,0x0,0,,,0,-500,0,
7429,1116,6721,6049,0x40000040,0,0,0,0,0,-1,Iron Pass,,,,,,,,,,,,,,,,0xFF01FE,0x0,0,,,0,-500,0,
7431,1116,6755,6051,0x40000040,0,0,96,1192,0,-1,The Colossals Fist,,,,,,,,,,,,,,,,0xFF01FE,0x0,0,,,0,-500,0,
7432,1116,6755,6052,0x40000040,0,0,0,0,0,-1,Elemental Plateau Draenor Coast,,,,,,,,,,,,,,,,0xFF01FE,0x0,0,,,0,-500,0,
7433,1116,6755,6053,0x40000440,0,0,0,0,0,-1,Telaari Worksite,,,,,,,,,,,,,,,,0xFF01FE,0x0,0,,,0,-500,0,
7434,1116,6755,6054,0x40000440,0,0,0,0,0,-1,Worvar Worksite,,,,,,,,,,,,,,,,0xFF01FE,0x0,0,,,0,-500,0,
7436,1116,6722,6056,0x40000040,0,0,0,1266,1470,-1,The South Sea Spires,,,,,,,,,,,,,,,,0xFF01FE,0x0,0,,,0,-500,0,
7437,1116,6721,6057,0x40000040,0,0,96,1251,0,-1,Witherwind Pass,,,,,,,,,,,,,,,,0xFF01FE,0x0,0,,,0,-500,0,
7438,1116,6941,6058,0x40000040,0,0,0,0,1440,-1,Ashran Kings Throne,,,,,,,,,,,,,,,,0xFF01FE,0x0,0,,,0,-500,0,
7439,1116,6941,6059,0xC0000040,0,0,0,1220,1437,-1,Ashran Capture GY,,,,,,,,,,,,,,,,0xFF01FE,0x0,0,,,0,-500,0,
7440,1116,6722,6060,0x40000040,0,0,0,0,1470,-1,Echidnean Shelf,,,,,,,,,,,,,,,,0xFF01FE,0x0,0,,,0,-500,0,
7441,1116,7333,6061,0x40000040,0,0,97,1333,0,-1,Ashran Horde Faction Hub Base,,,,,,,,,,,,,,,,0xFF01FE,0x0,0,,,0,-500,0,
7442,1116,7332,6062,0x40000040,0,0,97,1334,0,-1,Ashran Alliance Faction Hub Base,,,,,,,,,,,,,,,,0xFF01FE,0x0,0,,,0,-500,0,
7444,1116,6941,6064,0x40000040,0,0,0,0,0,-1,Ashran Wilderness,,,,,,,,,,,,,,,,0xFF01FE,0x0,0,,,0,-500,0,
7445,1116,6722,6065,0x40000040,0,0,0,0,1560,-1,The Evanescent Sea Spires,,,,,,,,,,,,,,,,0xFF01FE,0x0,0,,,0,-500,0,
7446,1116,6941,6066,0x40000040,0,0,96,1355,1560,-1,Barrier Sea Ashran,,,,,,,,,,,,,,,,0xFF01FE,0x0,0,,,0,-500,0,
7447,1116,6721,6067,0x40000040,0,0,0,0,1473,-1,Colossal Depths Gorgrond,,,,,,,,,,,,,,,,0xFF01FE,0x0,0,,,0,-500,0,
7448,1116,6719,6068,0x40000040,0,0,96,1355,1560,-1,Barrier Sea Shadowmoon,,,,,,,,,,,,,,,,0xFF01FE,0x0,0,,,0,-500,0,
7449,1116,6722,6069,0x40000040,0,0,96,1265,1485,-1,The Thorn Pits,,,,,,,,,,,,,,,,0xFF01FE,0x0,0,,,0,-500,0,
7450,1116,6720,6070,0x40000040,0,0,0,0,1480,-1,The Savage Crag Exterior,,,,,,,,,,,,,,,,0xFF01FE,0x0,0,,,0,-500,0,
7451,1116,6721,6071,0x40200040,0,0,96,1187,1471,-1,Broken Horn Village,,,,,,,,,,,,,,,,0xFF01FE,0x0,0,,,0,-500,0,
7452,1116,6755,6072,0x40000040,0,0,96,1192,0,-1,Doomtide Cove,,,,,,,,,,,,,,,,0xFF01FE,0x0,0,,,0,-500,0,
7453,1116,6662,6073,0x40000040,0,0,0,0,1501,-1,Talador Shattrath City Southern Quad,,,,,,,,,,,,,,,,0xFF01FE,0x0,0,,,0,-500,0,,
7454,1116,6662,6074,0x40000040,0,0,0,0,1501,-1,Talador Shattrath City Southern Rise,,,,,,,,,,,,,,,,0xFF01FE,0x0,0,,,0,-500,0,,
7455,1116,6662,6075,0x40000040,0,0,82,1294,1501,-1,Talador Shattrath City Neighborhood,,,,,,,,,,,,,,,,0xFF01FE,0x0,0,,,0,-500,0,,
7456,1116,6721,6076,0x40000040,0,0,0,403,0,-1,Overgrown Den,,,,,,,,,,,,,,,,0xFF01FE,0x0,0,,,0,-500,0,
7457,1116,6662,6077,0x40000040,0,0,0,0,0,-1,Sherkhaans Den,,,,,,,,,,,,,,,,0xFF01FE,0x0,0,,,0,-500.0,0.0,
7459,1116,6721,6079,0x40000000,0,0,0,0,0,-1,Broken Horn Village Inn,,,,,,,,,,,,,,,,0xFF01FE,0x0,0,,,0,-500,0,
7460,1116,6719,6080,0x40000040,0,0,0,0,0,-1,Den of Secrets,,,,,,,,,,,,,,,,0xFF01FE,0x0,0,,,0,-500,0,
7461,1116,6755,6081,0x40000040,0,0,96,1218,0,-1,Earthshaker Gorge,,,,,,,,,,,,,,,,0xFF01FE,0x0,0,,,0,-500,0,
7463,1116,6755,6083,0x40000040,0,0,96,1218,1489,-1,The Coliseum,,,,,,,,,,,,,,,,0xFF01FE,0x0,0,,,0,-500,0,
7464,1116,6755,6084,0x40000040,0,0,96,1218,1489,-1,The Path of Victors,,,,,,,,,,,,,,,,0xFF01FE,0x0,0,,,0,-500,0,
7465,1116,6755,6085,0x40000040,0,0,96,1218,1492,-1,Gorian Strand,,,,,,,,,,,,,,,,0xFF01FE,0x0,0,,,0,-500,0,
7466,1116,6755,6086,0x40000040,0,0,96,1218,1489,-1,The Imperators Favor,,,,,,,,,,,,,,,,0xFF01FE,0x0,0,,,0,-500,0,
7467,1116,6755,6087,0x40000040,0,0,96,1218,0,-1,Market District,,,,,,,,,,,,,,,,0xFF01FE,0x0,0,,,0,-500,0,
7468,1116,6755,6088,0x40000040,0,0,96,1218,1489,-1,The Underbelly,,,,,,,,,,,,,,,,0xFF01FE,0x0,0,,,0,-500,0,
7469,1116,6755,6089,0x40000040,0,0,96,1218,0,-1,Hidden Camp,,,,,,,,,,,,,,,,0xFF01FE,0x0,0,,,0,-500,0,
7470,1116,6719,6090,0x40000040,0,0,0,0,0,-1,Mount Kragor,,,,,,,,,,,,,,,,0xFF01FE,0x0,0,,,0,-500,0,
7471,1116,6719,6091,0x40000000,0,0,96,1191,0,-1,Dolmaks Hideout,,,,,,,,,,,,,,,,0xFF01FE,0x0,0,,,0,-500,0,
7472,1116,6719,6092,0x40000040,0,0,0,0,1454,-1,Deadwalker Pass,,,,,,,,,,,,,,,,0xFF01FE,0x0,0,,,0,-500,0,
7473,1116,6719,6093,0x40000040,0,0,0,0,0,-1,Hills Of Valuun,,,,,,,,,,,,,,,,0xFF01FE,0x0,0,,,0,-500,0,
7474,1116,6721,6094,0x40000040,0,0,0,0,0,-1,Thaelins Workshop,,,,,,,,,,,,,,,,0xFF01FE,0x0,0,,,0,-500,0,
7476,1116,6941,6096,0x41000040,0,0,0,0,1437,-1,Ashran Center Lane,,,,,,,,,,,,,,,,0xFF01FE,0x0,0,,,0,-500,0,
7477,1116,6941,6097,0x41000040,0,0,0,0,1437,-1,Ashran Center Lane,,,,,,,,,,,,,,,,0xFF01FE,0x0,0,,,0,-500,0,
7478,1116,6941,6098,0x41000040,0,0,0,0,1437,-1,Ashran Center Lane,,,,,,,,,,,,,,,,0xFF01FE,0x0,0,,,0,-500,0,
7479,1116,6941,6099,0x41000040,0,0,0,0,1446,-1,Ashran Center Lane,,,,,,,,,,,,,,,,0xFF01FE,0x0,0,,,0,-500,0,
7480,1116,6662,6100,0x40000040,0,0,0,0,1499,-1,Talador Shattrath City Fel Rise,,,,,,,,,,,,,,,,0xFF01FE,0x0,0,,,0,-500.0,0.0,
7481,1116,6722,6101,0x40000040,0,0,0,0,0,-1,Akeetas Hovel,,,,,,,,,,,,,,,,0xFF01FE,0x0,0,,,0,-500,0,
7482,1116,6662,6102,0x40000440,0,0,0,0,0,-1,Fort Wrynn Worksite,,,,,,,,,,,,,,,,0xFF01FE,0x0,0,,,0,-500.0,0.0,
7483,1116,6662,6103,0x40000440,0,0,0,0,0,-1,Voljins Pride Worksite,,,,,,,,,,,,,,,,0xFF01FE,0x0,0,,,0,-500.0,0.0,
7484,1116,6722,6104,0x40000440,0,0,0,0,0,-1,Southport Worksite,,,,,,,,,,,,,,,,0xFF01FE,0x0,0,,,0,-500,0,
7485,1116,6722,6105,0x40000440,0,0,0,0,0,-1,Axefall Worksite,,,,,,,,,,,,,,,,0xFF01FE,0x0,0,,,0,-500,0,
7489,1116,6721,6109,0x40000040,0,0,0,0,1475,-1,Cragplume Cauldron Exterior,,,,,,,,,,,,,,,,0xFF01FE,0x0,0,,,0,-500,0,
7490,1116,6720,6110,0x40,0,0,0,0,0,-1,Garrison,,,,,,,,,,,,,,,,0xFF01FE,0x0,0,,,0,-500,0,
7492,1116,6719,6111,0x40000040,0,0,0,0,0,-1,Saraahs Vale,,,,,,,,,,,,,,,,0xFF01FE,0x0,0,,,0,-500,0,
7493,1116,6720,6112,0x40000040,0,0,84,1342,1521,-1,Frostfire Finale Iron Siegeworks,,,,,,,,,,,,,,,,0xFF01FE,0x0,0,,,0,-500,0,
7494,1116,6720,6113,0x40000040,0,0,84,1146,1480,-1,Frostfire Finale Bones of Agurak,,,,,,,,,,,,,,,,0xFF01FE,0x0,0,,,0,-500,0,
7495,1116,6723,6114,0x40000040,0,0,0,0,1560,-1,Tanaan Jungle Exterior,,,,,,,,,,,,,,,,0xFF01FE,0x0,0,,,0,-500,0,
7496,1116,6723,6115,0x40000040,0,0,0,0,1430,-1,Tanaan Valley,,,,,,,,,,,,,,,,0xFF01FE,0x0,0,,,0,-500,0,
7500,1116,6721,6132,0x40000040,0,0,0,0,0,-1,Orunai Delta Gorgrond,,,,,,,,,,,,,,,,0xFF01FE,0x0,0,,,0,-500,0,
7501,1116,6721,6133,0x40000040,0,0,84,1143,0,-1,Talador Beach Gorgrond,,,,,,,,,,,,,,,,0xFF01FE,0x0,0,,,0,-500,0,
